receptor = E6_E6AP.pdbqt
exhaustiveness  = 8
center_x = -42.7698884608
center_y = -21.0376869761
center_z = -14.0234264651
size_x = 95.0109084212
size_y = 84.2915354382
size_z = 73.4630037099