   -26.41140	   -47.24420	    18.10000
   -22.36620	   -47.24420	    18.10000
   -18.32090	   -47.24420	    12.80000
   -14.27570	   -47.24420	    18.10000
   -10.23040	   -47.24420	    18.10000
    -6.18521	   -47.24420	    18.10000
    -2.13997	   -47.24420	    18.10000
     1.90527	   -47.24420	    18.10000
     5.95051	   -47.24420	    18.10000
     9.99575	   -47.24420	    18.10000
    14.04100	   -47.24420	    18.10000
    18.08620	   -47.24420	    18.10000
    22.13150	   -47.24420	    18.10000
    26.17670	   -47.24420	    18.10000
    30.22190	   -47.24420	    18.10000
    34.26720	   -47.24420	    18.10000
    38.31240	   -47.24420	    18.10000
    42.35770	   -47.24420	    18.10000
    46.40290	   -47.24420	    18.10000
    50.44810	   -47.24420	    18.10000
    54.49340	   -47.24420	    18.10000
    58.53860	   -47.24420	    18.10000
    62.58380	   -47.24420	    18.10000
    66.62910	   -47.24420	    18.10000
    70.67430	   -47.24420	    18.10000
    74.71960	   -47.24420	    18.10000
    78.76480	   -47.24420	    18.10000
    82.81000	   -47.24420	    18.10000
    86.85530	   -47.24420	    18.10000
    90.90050	   -47.24420	    18.10000
    94.94570	   -47.24420	    18.10000
    98.99100	   -47.24420	    18.10000
   -26.41140	   -44.32400	    18.10000
   -22.36620	   -44.32400	    18.10000
   -18.32090	   -44.32400	     6.02000
   -14.27570	   -44.32400	    14.30000
   -10.23040	   -44.32400	    18.10000
    -6.18521	   -44.32400	    18.10000
    -2.13997	   -44.32400	    18.10000
     1.90527	   -44.32400	    18.10000
     5.95051	   -44.32400	    18.10000
     9.99575	   -44.32400	    18.10000
    14.04100	   -44.32400	    18.10000
    18.08620	   -44.32400	    18.10000
    22.13150	   -44.32400	    18.10000
    26.17670	   -44.32400	    18.10000
    30.22190	   -44.32400	    18.10000
    34.26720	   -44.32400	    18.10000
    38.31240	   -44.32400	    18.10000
    42.35770	   -44.32400	    18.10000
    46.40290	   -44.32400	    18.10000
    50.44810	   -44.32400	    18.10000
    54.49340	   -44.32400	    18.10000
    58.53860	   -44.32400	    18.10000
    62.58380	   -44.32400	    18.10000
    66.62910	   -44.32400	    18.10000
    70.67430	   -44.32400	    18.10000
    74.71960	   -44.32400	    18.10000
    78.76480	   -44.32400	    18.10000
    82.81000	   -44.32400	    18.10000
    86.85530	   -44.32400	    18.10000
    90.90050	   -44.32400	    18.10000
    94.94570	   -44.32400	    18.10000
    98.99100	   -44.32400	    18.10000
   -26.41140	   -41.40380	    18.10000
   -22.36620	   -41.40380	    18.10000
   -18.32090	   -41.40380	     3.01000
   -14.27570	   -41.40380	     6.77000
   -10.23040	   -41.40380	    18.10000
    -6.18521	   -41.40380	    18.10000
    -2.13997	   -41.40380	    18.10000
     1.90527	   -41.40380	    18.10000
     5.95051	   -41.40380	    18.10000
     9.99575	   -41.40380	    18.10000
    14.04100	   -41.40380	    18.10000
    18.08620	   -41.40380	    18.10000
    22.13150	   -41.40380	    18.10000
    26.17670	   -41.40380	    18.10000
    30.22190	   -41.40380	    18.10000
    34.26720	   -41.40380	    18.10000
    38.31240	   -41.40380	    18.10000
    42.35770	   -41.40380	    18.10000
    46.40290	   -41.40380	    18.10000
    50.44810	   -41.40380	    18.10000
    54.49340	   -41.40380	    18.10000
    58.53860	   -41.40380	    18.10000
    62.58380	   -41.40380	    18.10000
    66.62910	   -41.40380	    18.10000
    70.67430	   -41.40380	    18.10000
    74.71960	   -41.40380	    18.10000
    78.76480	   -41.40380	    18.10000
    82.81000	   -41.40380	    18.10000
    86.85530	   -41.40380	    18.10000
    90.90050	   -41.40380	    18.10000
    94.94570	   -41.40380	    18.10000
    98.99100	   -41.40380	    18.10000
   -26.41140	   -38.48360	    18.10000
   -22.36620	   -38.48360	    12.80000
   -18.32090	   -38.48360	     3.01000
   -14.27570	   -38.48360	     6.77000
   -10.23040	   -38.48360	    18.10000
    -6.18521	   -38.48360	    18.10000
    -2.13997	   -38.48360	    18.10000
     1.90527	   -38.48360	    18.10000
     5.95051	   -38.48360	    18.10000
     9.99575	   -38.48360	    18.10000
    14.04100	   -38.48360	    18.10000
    18.08620	   -38.48360	    18.10000
    22.13150	   -38.48360	    18.10000
    26.17670	   -38.48360	    18.10000
    30.22190	   -38.48360	    18.10000
    34.26720	   -38.48360	    18.10000
    38.31240	   -38.48360	    18.10000
    42.35770	   -38.48360	    18.10000
    46.40290	   -38.48360	    18.10000
    50.44810	   -38.48360	    18.10000
    54.49340	   -38.48360	    18.10000
    58.53860	   -38.48360	    18.10000
    62.58380	   -38.48360	    18.10000
    66.62910	   -38.48360	    18.10000
    70.67430	   -38.48360	    18.10000
    74.71960	   -38.48360	    18.10000
    78.76480	   -38.48360	    18.10000
    82.81000	   -38.48360	    18.10000
    86.85530	   -38.48360	    18.10000
    90.90050	   -38.48360	     9.78000
    94.94570	   -38.48360	    18.10000
    98.99100	   -38.48360	    15.00000
   -26.41140	   -35.56340	    18.10000
   -22.36620	   -35.56340	     6.77000
   -18.32090	   -35.56340	     2.26000
   -14.27570	   -35.56340	     6.02000
   -10.23040	   -35.56340	    18.10000
    -6.18521	   -35.56340	    18.10000
    -2.13997	   -35.56340	    18.10000
     1.90527	   -35.56340	    18.10000
     5.95051	   -35.56340	    18.10000
     9.99575	   -35.56340	    18.10000
    14.04100	   -35.56340	    18.10000
    18.08620	   -35.56340	    18.10000
    22.13150	   -35.56340	    18.10000
    26.17670	   -35.56340	    18.10000
    30.22190	   -35.56340	    18.10000
    34.26720	   -35.56340	    18.10000
    38.31240	   -35.56340	    18.10000
    42.35770	   -35.56340	    18.10000
    46.40290	   -35.56340	    18.10000
    50.44810	   -35.56340	    18.10000
    54.49340	   -35.56340	    18.10000
    58.53860	   -35.56340	    18.10000
    62.58380	   -35.56340	    18.10000
    66.62910	   -35.56340	    18.10000
    70.67430	   -35.56340	    18.10000
    74.71960	   -35.56340	    18.10000
    78.76480	   -35.56340	    18.10000
    82.81000	   -35.56340	    18.10000
    86.85530	   -35.56340	    14.30000
    90.90050	   -35.56340	     7.52000
    94.94570	   -35.56340	    13.50000
    98.99100	   -35.56340	    10.50000
   -26.41140	   -32.64320	    18.10000
   -22.36620	   -32.64320	     4.51000
   -18.32090	   -32.64320	     1.50000
   -14.27570	   -32.64320	     9.03000
   -10.23040	   -32.64320	    18.10000
    -6.18521	   -32.64320	    18.10000
    -2.13997	   -32.64320	    18.10000
     1.90527	   -32.64320	    18.10000
     5.95051	   -32.64320	    18.10000
     9.99575	   -32.64320	    18.10000
    14.04100	   -32.64320	    18.10000
    18.08620	   -32.64320	    18.10000
    22.13150	   -32.64320	    18.10000
    26.17670	   -32.64320	    18.10000
    30.22190	   -32.64320	    18.10000
    34.26720	   -32.64320	    18.10000
    38.31240	   -32.64320	    18.10000
    42.35770	   -32.64320	    18.10000
    46.40290	   -32.64320	    18.10000
    50.44810	   -32.64320	    18.10000
    54.49340	   -32.64320	    18.10000
    58.53860	   -32.64320	    18.10000
    62.58380	   -32.64320	    18.10000
    66.62910	   -32.64320	    18.10000
    70.67430	   -32.64320	    18.10000
    74.71960	   -32.64320	    18.10000
    78.76480	   -32.64320	    18.10000
    82.81000	   -32.64320	    18.10000
    86.85530	   -32.64320	    10.50000
    90.90050	   -32.64320	    10.50000
    94.94570	   -32.64320	    18.10000
    98.99100	   -32.64320	    18.10000
   -26.41140	   -29.72300	    18.10000
   -22.36620	   -29.72300	     3.01000
   -18.32090	   -29.72300	     0.75200
   -14.27570	   -29.72300	    11.30000
   -10.23040	   -29.72300	    18.10000
    -6.18521	   -29.72300	    18.10000
    -2.13997	   -29.72300	    18.10000
     1.90527	   -29.72300	    18.10000
     5.95051	   -29.72300	    18.10000
     9.99575	   -29.72300	    18.10000
    14.04100	   -29.72300	    18.10000
    18.08620	   -29.72300	    18.10000
    22.13150	   -29.72300	    18.10000
    26.17670	   -29.72300	    18.10000
    30.22190	   -29.72300	    18.10000
    34.26720	   -29.72300	    18.10000
    38.31240	   -29.72300	    18.10000
    42.35770	   -29.72300	    18.10000
    46.40290	   -29.72300	    18.10000
    50.44810	   -29.72300	    18.10000
    54.49340	   -29.72300	    18.10000
    58.53860	   -29.72300	    18.10000
    62.58380	   -29.72300	    18.10000
    66.62910	   -29.72300	    18.10000
    70.67430	   -29.72300	    18.10000
    74.71960	   -29.72300	    18.10000
    78.76480	   -29.72300	    18.10000
    82.81000	   -29.72300	    11.30000
    86.85530	   -29.72300	    11.30000
    90.90050	   -29.72300	    15.00000
    94.94570	   -29.72300	    18.10000
    98.99100	   -29.72300	    18.10000
   -26.41140	   -26.80280	    18.10000
   -22.36620	   -26.80280	     4.51000
   -18.32090	   -26.80280	     0.00000
   -14.27570	   -26.80280	     9.03000
   -10.23040	   -26.80280	    18.10000
    -6.18521	   -26.80280	    18.10000
    -2.13997	   -26.80280	    18.10000
     1.90527	   -26.80280	    18.10000
     5.95051	   -26.80280	    18.10000
     9.99575	   -26.80280	    18.10000
    14.04100	   -26.80280	    18.10000
    18.08620	   -26.80280	    18.10000
    22.13150	   -26.80280	    18.10000
    26.17670	   -26.80280	    18.10000
    30.22190	   -26.80280	    18.10000
    34.26720	   -26.80280	    18.10000
    38.31240	   -26.80280	    18.10000
    42.35770	   -26.80280	    18.10000
    46.40290	   -26.80280	    18.10000
    50.44810	   -26.80280	    18.10000
    54.49340	   -26.80280	    18.10000
    58.53860	   -26.80280	    18.10000
    62.58380	   -26.80280	    18.10000
    66.62910	   -26.80280	    18.10000
    70.67430	   -26.80280	    18.10000
    74.71960	   -26.80280	    18.10000
    78.76480	   -26.80280	    18.10000
    82.81000	   -26.80280	    10.50000
    86.85530	   -26.80280	    11.30000
    90.90050	   -26.80280	    18.10000
    94.94570	   -26.80280	    18.10000
    98.99100	   -26.80280	    18.10000
   -26.41140	   -23.88260	    18.10000
   -22.36620	   -23.88260	     6.02000
   -18.32090	   -23.88260	     0.75200
   -14.27570	   -23.88260	     7.52000
   -10.23040	   -23.88260	    18.10000
    -6.18521	   -23.88260	    18.10000
    -2.13997	   -23.88260	    18.10000
     1.90527	   -23.88260	    18.10000
     5.95051	   -23.88260	    18.10000
     9.99575	   -23.88260	    18.10000
    14.04100	   -23.88260	    18.10000
    18.08620	   -23.88260	    18.10000
    22.13150	   -23.88260	    18.10000
    26.17670	   -23.88260	    18.10000
    30.22190	   -23.88260	    18.10000
    34.26720	   -23.88260	    18.10000
    38.31240	   -23.88260	    18.10000
    42.35770	   -23.88260	    11.30000
    46.40290	   -23.88260	    11.30000
    50.44810	   -23.88260	    18.10000
    54.49340	   -23.88260	    18.10000
    58.53860	   -23.88260	    18.10000
    62.58380	   -23.88260	    18.10000
    66.62910	   -23.88260	    18.10000
    70.67430	   -23.88260	    18.10000
    74.71960	   -23.88260	    18.10000
    78.76480	   -23.88260	    18.10000
    82.81000	   -23.88260	     9.03000
    86.85530	   -23.88260	     9.78000
    90.90050	   -23.88260	    18.10000
    94.94570	   -23.88260	    18.10000
    98.99100	   -23.88260	    18.10000
   -26.41140	   -20.96240	    18.10000
   -22.36620	   -20.96240	     8.27000
   -18.32090	   -20.96240	     1.50000
   -14.27570	   -20.96240	     6.77000
   -10.23040	   -20.96240	    18.10000
    -6.18521	   -20.96240	    18.10000
    -2.13997	   -20.96240	    18.10000
     1.90527	   -20.96240	    18.10000
     5.95051	   -20.96240	    18.10000
     9.99575	   -20.96240	    18.10000
    14.04100	   -20.96240	    18.10000
    18.08620	   -20.96240	    18.10000
    22.13150	   -20.96240	    18.10000
    26.17670	   -20.96240	    18.10000
    30.22190	   -20.96240	    18.10000
    34.26720	   -20.96240	    18.10000
    38.31240	   -20.96240	    11.30000
    42.35770	   -20.96240	    10.50000
    46.40290	   -20.96240	     9.78000
    50.44810	   -20.96240	     9.03000
    54.49340	   -20.96240	    12.80000
    58.53860	   -20.96240	    18.10000
    62.58380	   -20.96240	    18.10000
    66.62910	   -20.96240	    18.10000
    70.67430	   -20.96240	    18.10000
    74.71960	   -20.96240	    18.10000
    78.76480	   -20.96240	    15.00000
    82.81000	   -20.96240	     8.27000
    86.85530	   -20.96240	    12.00000
    90.90050	   -20.96240	    18.10000
    94.94570	   -20.96240	    18.10000
    98.99100	   -20.96240	    18.10000
   -26.41140	   -18.04230	    18.10000
   -22.36620	   -18.04230	     7.52000
   -18.32090	   -18.04230	     2.26000
   -14.27570	   -18.04230	     9.03000
   -10.23040	   -18.04230	    18.10000
    -6.18521	   -18.04230	    18.10000
    -2.13997	   -18.04230	    18.10000
     1.90527	   -18.04230	    18.10000
     5.95051	   -18.04230	    18.10000
     9.99575	   -18.04230	    18.10000
    14.04100	   -18.04230	    18.10000
    18.08620	   -18.04230	    18.10000
    22.13150	   -18.04230	    18.10000
    26.17670	   -18.04230	    18.10000
    30.22190	   -18.04230	    18.10000
    34.26720	   -18.04230	    18.10000
    38.31240	   -18.04230	    13.50000
    42.35770	   -18.04230	     9.03000
    46.40290	   -18.04230	     6.77000
    50.44810	   -18.04230	     6.77000
    54.49340	   -18.04230	     9.78000
    58.53860	   -18.04230	    18.10000
    62.58380	   -18.04230	    18.10000
    66.62910	   -18.04230	    18.10000
    70.67430	   -18.04230	    18.10000
    74.71960	   -18.04230	    18.10000
    78.76480	   -18.04230	    11.30000
    82.81000	   -18.04230	    10.50000
    86.85530	   -18.04230	    17.30000
    90.90050	   -18.04230	    18.10000
    94.94570	   -18.04230	    18.10000
    98.99100	   -18.04230	    18.10000
   -26.41140	   -15.12210	    18.10000
   -22.36620	   -15.12210	     8.27000
   -18.32090	   -15.12210	     3.01000
   -14.27570	   -15.12210	    18.10000
   -10.23040	   -15.12210	    18.10000
    -6.18521	   -15.12210	    18.10000
    -2.13997	   -15.12210	    18.10000
     1.90527	   -15.12210	    18.10000
     5.95051	   -15.12210	    18.10000
     9.99575	   -15.12210	    18.10000
    14.04100	   -15.12210	    18.10000
    18.08620	   -15.12210	    18.10000
    22.13150	   -15.12210	    18.10000
    26.17670	   -15.12210	    18.10000
    30.22190	   -15.12210	    18.10000
    34.26720	   -15.12210	    18.10000
    38.31240	   -15.12210	    12.00000
    42.35770	   -15.12210	     8.27000
    46.40290	   -15.12210	     7.52000
    50.44810	   -15.12210	     7.52000
    54.49340	   -15.12210	    13.50000
    58.53860	   -15.12210	    18.10000
    62.58380	   -15.12210	    18.10000
    66.62910	   -15.12210	    18.10000
    70.67430	   -15.12210	    18.10000
    74.71960	   -15.12210	    18.10000
    78.76480	   -15.12210	    18.10000
    82.81000	   -15.12210	    14.30000
    86.85530	   -15.12210	    14.30000
    90.90050	   -15.12210	    18.10000
    94.94570	   -15.12210	    18.10000
    98.99100	   -15.12210	    18.10000
   -26.41140	   -12.20190	    18.10000
   -22.36620	   -12.20190	     7.52000
   -18.32090	   -12.20190	     3.76000
   -14.27570	   -12.20190	    18.10000
   -10.23040	   -12.20190	    18.10000
    -6.18521	   -12.20190	    18.10000
    -2.13997	   -12.20190	    18.10000
     1.90527	   -12.20190	    18.10000
     5.95051	   -12.20190	    18.10000
     9.99575	   -12.20190	    18.10000
    14.04100	   -12.20190	    18.10000
    18.08620	   -12.20190	    18.10000
    22.13150	   -12.20190	    18.10000
    26.17670	   -12.20190	    18.10000
    30.22190	   -12.20190	    18.10000
    34.26720	   -12.20190	    18.10000
    38.31240	   -12.20190	    15.00000
    42.35770	   -12.20190	     8.27000
    46.40290	   -12.20190	     5.26000
    50.44810	   -12.20190	     7.52000
    54.49340	   -12.20190	     9.78000
    58.53860	   -12.20190	    18.10000
    62.58380	   -12.20190	    18.10000
    66.62910	   -12.20190	    18.10000
    70.67430	   -12.20190	    18.10000
    74.71960	   -12.20190	    15.00000
    78.76480	   -12.20190	     9.03000
    82.81000	   -12.20190	    11.30000
    86.85530	   -12.20190	    18.10000
    90.90050	   -12.20190	    12.00000
    94.94570	   -12.20190	    10.50000
    98.99100	   -12.20190	    17.30000
   -26.41140	    -9.28167	    18.10000
   -22.36620	    -9.28167	     6.77000
   -18.32090	    -9.28167	     3.01000
   -14.27570	    -9.28167	    18.10000
   -10.23040	    -9.28167	    18.10000
    -6.18521	    -9.28167	    18.10000
    -2.13997	    -9.28167	    18.10000
     1.90527	    -9.28167	    18.10000
     5.95051	    -9.28167	    18.10000
     9.99575	    -9.28167	    18.10000
    14.04100	    -9.28167	    18.10000
    18.08620	    -9.28167	    18.10000
    22.13150	    -9.28167	    18.10000
    26.17670	    -9.28167	    18.10000
    30.22190	    -9.28167	    18.10000
    34.26720	    -9.28167	    15.00000
    38.31240	    -9.28167	    11.30000
    42.35770	    -9.28167	    11.30000
    46.40290	    -9.28167	     6.77000
    50.44810	    -9.28167	     9.03000
    54.49340	    -9.28167	    12.00000
    58.53860	    -9.28167	    18.10000
    62.58380	    -9.28167	    18.10000
    66.62910	    -9.28167	    18.10000
    70.67430	    -9.28167	    18.10000
    74.71960	    -9.28167	    13.50000
    78.76480	    -9.28167	     7.52000
    82.81000	    -9.28167	     9.03000
    86.85530	    -9.28167	     9.03000
    90.90050	    -9.28167	     7.52000
    94.94570	    -9.28167	     9.03000
    98.99100	    -9.28167	    12.00000
   -26.41140	    -6.36148	    15.00000
   -22.36620	    -6.36148	     6.02000
   -18.32090	    -6.36148	     3.76000
   -14.27570	    -6.36148	    18.10000
   -10.23040	    -6.36148	    18.10000
    -6.18521	    -6.36148	    18.10000
    -2.13997	    -6.36148	    18.10000
     1.90527	    -6.36148	    18.10000
     5.95051	    -6.36148	    18.10000
     9.99575	    -6.36148	    18.10000
    14.04100	    -6.36148	    18.10000
    18.08620	    -6.36148	    18.10000
    22.13150	    -6.36148	    18.10000
    26.17670	    -6.36148	    18.10000
    30.22190	    -6.36148	    12.80000
    34.26720	    -6.36148	     8.27000
    38.31240	    -6.36148	     9.78000
    42.35770	    -6.36148	     6.02000
    46.40290	    -6.36148	     8.27000
    50.44810	    -6.36148	     9.03000
    54.49340	    -6.36148	    18.10000
    58.53860	    -6.36148	    18.10000
    62.58380	    -6.36148	    18.10000
    66.62910	    -6.36148	    10.50000
    70.67430	    -6.36148	     9.78000
    74.71960	    -6.36148	    17.30000
    78.76480	    -6.36148	     8.27000
    82.81000	    -6.36148	     9.78000
    86.85530	    -6.36148	     9.03000
    90.90050	    -6.36148	     7.52000
    94.94570	    -6.36148	     8.27000
    98.99100	    -6.36148	    17.30000
   -26.41140	    -3.44129	    12.00000
   -22.36620	    -3.44129	     6.02000
   -18.32090	    -3.44129	     3.76000
   -14.27570	    -3.44129	    15.00000
   -10.23040	    -3.44129	    18.10000
    -6.18521	    -3.44129	    18.10000
    -2.13997	    -3.44129	    18.10000
     1.90527	    -3.44129	    18.10000
     5.95051	    -3.44129	    18.10000
     9.99575	    -3.44129	    18.10000
    14.04100	    -3.44129	    18.10000
    18.08620	    -3.44129	    18.10000
    22.13150	    -3.44129	    10.50000
    26.17670	    -3.44129	    12.00000
    30.22190	    -3.44129	    11.30000
    34.26720	    -3.44129	    11.30000
    38.31240	    -3.44129	    11.30000
    42.35770	    -3.44129	     7.52000
    46.40290	    -3.44129	     9.03000
    50.44810	    -3.44129	    14.30000
    54.49340	    -3.44129	    18.10000
    58.53860	    -3.44129	    17.30000
    62.58380	    -3.44129	     9.03000
    66.62910	    -3.44129	     7.52000
    70.67430	    -3.44129	    11.30000
    74.71960	    -3.44129	    12.00000
    78.76480	    -3.44129	    12.80000
    82.81000	    -3.44129	    10.50000
    86.85530	    -3.44129	     9.03000
    90.90050	    -3.44129	     9.03000
    94.94570	    -3.44129	    10.50000
    98.99100	    -3.44129	    18.10000
   -26.41140	    -0.52109	    11.30000
   -22.36620	    -0.52109	     6.77000
   -18.32090	    -0.52109	     3.76000
   -14.27570	    -0.52109	    17.30000
   -10.23040	    -0.52109	    18.10000
    -6.18521	    -0.52109	    18.10000
    -2.13997	    -0.52109	    18.10000
     1.90527	    -0.52109	    18.10000
     5.95051	    -0.52109	    18.10000
     9.99575	    -0.52109	    18.10000
    14.04100	    -0.52109	    18.10000
    18.08620	    -0.52109	    18.10000
    22.13150	    -0.52109	    14.30000
    26.17670	    -0.52109	     9.78000
    30.22190	    -0.52109	    18.10000
    34.26720	    -0.52109	    14.30000
    38.31240	    -0.52109	    12.00000
    42.35770	    -0.52109	    12.80000
    46.40290	    -0.52109	     8.27000
    50.44810	    -0.52109	    18.10000
    54.49340	    -0.52109	    18.10000
    58.53860	    -0.52109	    17.30000
    62.58380	    -0.52109	     8.27000
    66.62910	    -0.52109	     8.27000
    70.67430	    -0.52109	     8.27000
    74.71960	    -0.52109	     8.27000
    78.76480	    -0.52109	    17.30000
    82.81000	    -0.52109	    12.00000
    86.85530	    -0.52109	     8.27000
    90.90050	    -0.52109	     9.03000
    94.94570	    -0.52109	    12.00000
    98.99100	    -0.52109	    18.10000
   -26.41140	     2.39910	    14.30000
   -22.36620	     2.39910	     5.26000
   -18.32090	     2.39910	     5.26000
   -14.27570	     2.39910	    11.30000
   -10.23040	     2.39910	    15.00000
    -6.18521	     2.39910	    18.10000
    -2.13997	     2.39910	    18.10000
     1.90527	     2.39910	    18.10000
     5.95051	     2.39910	    18.10000
     9.99575	     2.39910	    18.10000
    14.04100	     2.39910	    12.80000
    18.08620	     2.39910	    10.50000
    22.13150	     2.39910	    17.30000
    26.17670	     2.39910	    12.80000
    30.22190	     2.39910	    18.10000
    34.26720	     2.39910	    18.10000
    38.31240	     2.39910	    18.10000
    42.35770	     2.39910	    18.10000
    46.40290	     2.39910	    10.50000
    50.44810	     2.39910	    11.30000
    54.49340	     2.39910	    10.50000
    58.53860	     2.39910	    14.30000
    62.58380	     2.39910	     8.27000
    66.62910	     2.39910	    12.00000
    70.67430	     2.39910	     6.77000
    74.71960	     2.39910	     6.77000
    78.76480	     2.39910	    10.50000
    82.81000	     2.39910	    10.50000
    86.85530	     2.39910	    10.50000
    90.90050	     2.39910	    10.50000
    94.94570	     2.39910	     9.78000
    98.99100	     2.39910	    18.10000
   -26.41140	     5.31929	    17.30000
   -22.36620	     5.31929	     4.51000
   -18.32090	     5.31929	     4.51000
   -14.27570	     5.31929	    11.30000
   -10.23040	     5.31929	     9.03000
    -6.18521	     5.31929	     9.03000
    -2.13997	     5.31929	    18.10000
     1.90527	     5.31929	    18.10000
     5.95051	     5.31929	    18.10000
     9.99575	     5.31929	    18.10000
    14.04100	     5.31929	     9.78000
    18.08620	     5.31929	     6.77000
    22.13150	     5.31929	     7.52000
    26.17670	     5.31929	    11.30000
    30.22190	     5.31929	    18.10000
    34.26720	     5.31929	    18.10000
    38.31240	     5.31929	    18.10000
    42.35770	     5.31929	    18.10000
    46.40290	     5.31929	    18.10000
    50.44810	     5.31929	    17.30000
    54.49340	     5.31929	     9.78000
    58.53860	     5.31929	     9.03000
    62.58380	     5.31929	    12.80000
    66.62910	     5.31929	     9.78000
    70.67430	     5.31929	     6.77000
    74.71960	     5.31929	     8.27000
    78.76480	     5.31929	     9.78000
    82.81000	     5.31929	     8.27000
    86.85530	     5.31929	    11.30000
    90.90050	     5.31929	    18.10000
    94.94570	     5.31929	    18.10000
    98.99100	     5.31929	    18.10000
   -26.41140	     8.23949	    18.10000
   -22.36620	     8.23949	     4.51000
   -18.32090	     8.23949	     5.26000
   -14.27570	     8.23949	     9.03000
   -10.23040	     8.23949	     7.52000
    -6.18521	     8.23949	    11.30000
    -2.13997	     8.23949	    18.10000
     1.90527	     8.23949	    18.10000
     5.95051	     8.23949	    11.30000
     9.99575	     8.23949	    12.80000
    14.04100	     8.23949	    11.30000
    18.08620	     8.23949	     6.02000
    22.13150	     8.23949	     8.27000
    26.17670	     8.23949	    18.10000
    30.22190	     8.23949	    18.10000
    34.26720	     8.23949	    18.10000
    38.31240	     8.23949	    18.10000
    42.35770	     8.23949	    18.10000
    46.40290	     8.23949	    18.10000
    50.44810	     8.23949	    12.00000
    54.49340	     8.23949	    11.30000
    58.53860	     8.23949	     9.78000
    62.58380	     8.23949	    12.00000
    66.62910	     8.23949	    10.50000
    70.67430	     8.23949	    12.00000
    74.71960	     8.23949	    12.00000
    78.76480	     8.23949	    11.30000
    82.81000	     8.23949	     9.03000
    86.85530	     8.23949	    18.10000
    90.90050	     8.23949	    18.10000
    94.94570	     8.23949	    18.10000
    98.99100	     8.23949	    18.10000
   -26.41140	    11.15970	    18.10000
   -22.36620	    11.15970	     4.51000
   -18.32090	    11.15970	     6.02000
   -14.27570	    11.15970	     7.52000
   -10.23040	    11.15970	    10.50000
    -6.18521	    11.15970	    18.10000
    -2.13997	    11.15970	    18.10000
     1.90527	    11.15970	    17.30000
     5.95051	    11.15970	     9.03000
     9.99575	    11.15970	    10.50000
    14.04100	    11.15970	     9.78000
    18.08620	    11.15970	     6.77000
    22.13150	    11.15970	     8.27000
    26.17670	    11.15970	    17.30000
    30.22190	    11.15970	    18.10000
    34.26720	    11.15970	    18.10000
    38.31240	    11.15970	    18.10000
    42.35770	    11.15970	    18.10000
    46.40290	    11.15970	    18.10000
    50.44810	    11.15970	     9.03000
    54.49340	    11.15970	    18.10000
    58.53860	    11.15970	    18.10000
    62.58380	    11.15970	     9.78000
    66.62910	    11.15970	    10.50000
    70.67430	    11.15970	    14.30000
    74.71960	    11.15970	    12.00000
    78.76480	    11.15970	     9.03000
    82.81000	    11.15970	    13.50000
    86.85530	    11.15970	    18.10000
    90.90050	    11.15970	    18.10000
    94.94570	    11.15970	    18.10000
    98.99100	    11.15970	    18.10000
   -26.41140	    14.07990	    18.10000
   -22.36620	    14.07990	     4.51000
   -18.32090	    14.07990	     8.27000
   -14.27570	    14.07990	    17.30000
   -10.23040	    14.07990	    13.50000
    -6.18521	    14.07990	    18.10000
    -2.13997	    14.07990	    18.10000
     1.90527	    14.07990	    12.00000
     5.95051	    14.07990	     5.26000
     9.99575	    14.07990	     6.02000
    14.04100	    14.07990	     6.02000
    18.08620	    14.07990	     8.27000
    22.13150	    14.07990	    10.50000
    26.17670	    14.07990	    18.10000
    30.22190	    14.07990	    18.10000
    34.26720	    14.07990	    18.10000
    38.31240	    14.07990	    18.10000
    42.35770	    14.07990	    18.10000
    46.40290	    14.07990	    11.30000
    50.44810	    14.07990	    11.30000
    54.49340	    14.07990	    13.50000
    58.53860	    14.07990	    12.80000
    62.58380	    14.07990	    12.00000
    66.62910	    14.07990	    12.80000
    70.67430	    14.07990	    14.30000
    74.71960	    14.07990	     9.03000
    78.76480	    14.07990	    10.50000
    82.81000	    14.07990	    12.00000
    86.85530	    14.07990	    18.10000
    90.90050	    14.07990	    18.10000
    94.94570	    14.07990	    18.10000
    98.99100	    14.07990	    18.10000
   -26.41140	    17.00010	    11.30000
   -22.36620	    17.00010	     3.01000
   -18.32090	    17.00010	     7.52000
   -14.27570	    17.00010	    18.10000
   -10.23040	    17.00010	    12.80000
    -6.18521	    17.00010	    18.10000
    -2.13997	    17.00010	    18.10000
     1.90527	    17.00010	     8.27000
     5.95051	    17.00010	     4.51000
     9.99575	    17.00010	     5.26000
    14.04100	    17.00010	     7.52000
    18.08620	    17.00010	     9.03000
    22.13150	    17.00010	    12.80000
    26.17670	    17.00010	    18.10000
    30.22190	    17.00010	    18.10000
    34.26720	    17.00010	    18.10000
    38.31240	    17.00010	    18.10000
    42.35770	    17.00010	    18.10000
    46.40290	    17.00010	    11.30000
    50.44810	    17.00010	    17.30000
    54.49340	    17.00010	    10.50000
    58.53860	    17.00010	    12.80000
    62.58380	    17.00010	    13.50000
    66.62910	    17.00010	     9.03000
    70.67430	    17.00010	    13.50000
    74.71960	    17.00010	     9.78000
    78.76480	    17.00010	    11.30000
    82.81000	    17.00010	    11.30000
    86.85530	    17.00010	    18.10000
    90.90050	    17.00010	    18.10000
    94.94570	    17.00010	    18.10000
    98.99100	    17.00010	    18.10000
   -26.41140	    19.92030	    13.50000
   -22.36620	    19.92030	     2.26000
   -18.32090	    19.92030	     6.02000
   -14.27570	    19.92030	    18.10000
   -10.23040	    19.92030	    12.00000
    -6.18521	    19.92030	    12.80000
    -2.13997	    19.92030	    15.00000
     1.90527	    19.92030	     8.27000
     5.95051	    19.92030	     4.51000
     9.99575	    19.92030	     4.51000
    14.04100	    19.92030	     6.77000
    18.08620	    19.92030	    10.50000
    22.13150	    19.92030	    10.50000
    26.17670	    19.92030	    18.10000
    30.22190	    19.92030	    18.10000
    34.26720	    19.92030	    18.10000
    38.31240	    19.92030	    18.10000
    42.35770	    19.92030	    18.10000
    46.40290	    19.92030	     9.78000
    50.44810	    19.92030	    12.00000
    54.49340	    19.92030	    12.00000
    58.53860	    19.92030	    18.10000
    62.58380	    19.92030	    17.30000
    66.62910	    19.92030	     9.03000
    70.67430	    19.92030	     9.78000
    74.71960	    19.92030	    11.30000
    78.76480	    19.92030	    10.50000
    82.81000	    19.92030	    14.30000
    86.85530	    19.92030	    18.10000
    90.90050	    19.92030	    18.10000
    94.94570	    19.92030	    18.10000
    98.99100	    19.92030	    18.10000
   -26.41140	    22.84050	     8.27000
   -22.36620	    22.84050	     0.75200
   -18.32090	    22.84050	     3.76000
   -14.27570	    22.84050	    18.10000
   -10.23040	    22.84050	    14.30000
    -6.18521	    22.84050	    10.50000
    -2.13997	    22.84050	    10.50000
     1.90527	    22.84050	    12.80000
     5.95051	    22.84050	     6.02000
     9.99575	    22.84050	     7.52000
    14.04100	    22.84050	     8.27000
    18.08620	    22.84050	    13.50000
    22.13150	    22.84050	    18.10000
    26.17670	    22.84050	    18.10000
    30.22190	    22.84050	    18.10000
    34.26720	    22.84050	    18.10000
    38.31240	    22.84050	    18.10000
    42.35770	    22.84050	    18.10000
    46.40290	    22.84050	     9.78000
    50.44810	    22.84050	    11.30000
    54.49340	    22.84050	    18.10000
    58.53860	    22.84050	    18.10000
    62.58380	    22.84050	    15.00000
    66.62910	    22.84050	     9.03000
    70.67430	    22.84050	     9.78000
    74.71960	    22.84050	    18.10000
    78.76480	    22.84050	    18.10000
    82.81000	    22.84050	    18.10000
    86.85530	    22.84050	    18.10000
    90.90050	    22.84050	    18.10000
    94.94570	    22.84050	    18.10000
    98.99100	    22.84050	    18.10000
   -26.41140	    25.76070	     9.78000
   -22.36620	    25.76070	     0.00000
   -18.32090	    25.76070	     3.01000
   -14.27570	    25.76070	    14.30000
   -10.23040	    25.76070	    17.30000
    -6.18521	    25.76070	    11.30000
    -2.13997	    25.76070	    10.50000
     1.90527	    25.76070	    14.30000
     5.95051	    25.76070	     8.27000
     9.99575	    25.76070	    10.50000
    14.04100	    25.76070	    12.80000
    18.08620	    25.76070	    18.10000
    22.13150	    25.76070	    18.10000
    26.17670	    25.76070	    18.10000
    30.22190	    25.76070	    18.10000
    34.26720	    25.76070	    18.10000
    38.31240	    25.76070	    18.10000
    42.35770	    25.76070	    18.10000
    46.40290	    25.76070	    12.80000
    50.44810	    25.76070	    18.10000
    54.49340	    25.76070	    18.10000
    58.53860	    25.76070	    18.10000
    62.58380	    25.76070	    18.10000
    66.62910	    25.76070	    17.30000
    70.67430	    25.76070	    18.10000
    74.71960	    25.76070	    18.10000
    78.76480	    25.76070	    18.10000
    82.81000	    25.76070	    18.10000
    86.85530	    25.76070	    18.10000
    90.90050	    25.76070	    18.10000
    94.94570	    25.76070	    18.10000
    98.99100	    25.76070	    18.10000
   -26.41140	    28.68080	    18.10000
   -22.36620	    28.68080	     1.50000
   -18.32090	    28.68080	     3.01000
   -14.27570	    28.68080	     9.03000
   -10.23040	    28.68080	    18.10000
    -6.18521	    28.68080	    13.50000
    -2.13997	    28.68080	    18.10000
     1.90527	    28.68080	    17.30000
     5.95051	    28.68080	     7.52000
     9.99575	    28.68080	     9.78000
    14.04100	    28.68080	    17.30000
    18.08620	    28.68080	    18.10000
    22.13150	    28.68080	    18.10000
    26.17670	    28.68080	    18.10000
    30.22190	    28.68080	    18.10000
    34.26720	    28.68080	    18.10000
    38.31240	    28.68080	    18.10000
    42.35770	    28.68080	    18.10000
    46.40290	    28.68080	    18.10000
    50.44810	    28.68080	    18.10000
    54.49340	    28.68080	    18.10000
    58.53860	    28.68080	    18.10000
    62.58380	    28.68080	    18.10000
    66.62910	    28.68080	    18.10000
    70.67430	    28.68080	    18.10000
    74.71960	    28.68080	    18.10000
    78.76480	    28.68080	    18.10000
    82.81000	    28.68080	    18.10000
    86.85530	    28.68080	    18.10000
    90.90050	    28.68080	    18.10000
    94.94570	    28.68080	    18.10000
    98.99100	    28.68080	    18.10000
   -26.41140	    31.60100	    18.10000
   -22.36620	    31.60100	     3.76000
   -18.32090	    31.60100	     3.01000
   -14.27570	    31.60100	     9.03000
   -10.23040	    31.60100	    18.10000
    -6.18521	    31.60100	    15.00000
    -2.13997	    31.60100	    18.10000
     1.90527	    31.60100	    18.10000
     5.95051	    31.60100	    12.80000
     9.99575	    31.60100	    10.50000
    14.04100	    31.60100	    18.10000
    18.08620	    31.60100	    18.10000
    22.13150	    31.60100	    18.10000
    26.17670	    31.60100	    18.10000
    30.22190	    31.60100	    18.10000
    34.26720	    31.60100	    18.10000
    38.31240	    31.60100	    18.10000
    42.35770	    31.60100	    18.10000
    46.40290	    31.60100	    18.10000
    50.44810	    31.60100	    18.10000
    54.49340	    31.60100	    18.10000
    58.53860	    31.60100	    18.10000
    62.58380	    31.60100	    18.10000
    66.62910	    31.60100	    18.10000
    70.67430	    31.60100	    18.10000
    74.71960	    31.60100	    18.10000
    78.76480	    31.60100	    18.10000
    82.81000	    31.60100	    18.10000
    86.85530	    31.60100	    18.10000
    90.90050	    31.60100	    18.10000
    94.94570	    31.60100	    18.10000
    98.99100	    31.60100	    18.10000
   -26.41140	    34.52120	    18.10000
   -22.36620	    34.52120	    10.50000
   -18.32090	    34.52120	     3.76000
   -14.27570	    34.52120	     7.52000
   -10.23040	    34.52120	    18.10000
    -6.18521	    34.52120	    18.10000
    -2.13997	    34.52120	    18.10000
     1.90527	    34.52120	    18.10000
     5.95051	    34.52120	    10.50000
     9.99575	    34.52120	     9.03000
    14.04100	    34.52120	    18.10000
    18.08620	    34.52120	    18.10000
    22.13150	    34.52120	    18.10000
    26.17670	    34.52120	    18.10000
    30.22190	    34.52120	    18.10000
    34.26720	    34.52120	    18.10000
    38.31240	    34.52120	    18.10000
    42.35770	    34.52120	    18.10000
    46.40290	    34.52120	    18.10000
    50.44810	    34.52120	    18.10000
    54.49340	    34.52120	    18.10000
    58.53860	    34.52120	    18.10000
    62.58380	    34.52120	    18.10000
    66.62910	    34.52120	    18.10000
    70.67430	    34.52120	    18.10000
    74.71960	    34.52120	    18.10000
    78.76480	    34.52120	    18.10000
    82.81000	    34.52120	    18.10000
    86.85530	    34.52120	    18.10000
    90.90050	    34.52120	    18.10000
    94.94570	    34.52120	    18.10000
    98.99100	    34.52120	    18.10000
   -26.41140	    37.44140	    18.10000
   -22.36620	    37.44140	    18.10000
   -18.32090	    37.44140	     5.26000
   -14.27570	    37.44140	     8.27000
   -10.23040	    37.44140	    18.10000
    -6.18521	    37.44140	    18.10000
    -2.13997	    37.44140	    18.10000
     1.90527	    37.44140	    18.10000
     5.95051	    37.44140	     9.03000
     9.99575	    37.44140	    10.50000
    14.04100	    37.44140	    18.10000
    18.08620	    37.44140	    18.10000
    22.13150	    37.44140	    18.10000
    26.17670	    37.44140	    18.10000
    30.22190	    37.44140	    18.10000
    34.26720	    37.44140	    18.10000
    38.31240	    37.44140	    18.10000
    42.35770	    37.44140	    18.10000
    46.40290	    37.44140	    18.10000
    50.44810	    37.44140	    18.10000
    54.49340	    37.44140	    18.10000
    58.53860	    37.44140	    18.10000
    62.58380	    37.44140	    18.10000
    66.62910	    37.44140	    18.10000
    70.67430	    37.44140	    18.10000
    74.71960	    37.44140	    18.10000
    78.76480	    37.44140	    18.10000
    82.81000	    37.44140	    18.10000
    86.85530	    37.44140	    18.10000
    90.90050	    37.44140	    18.10000
    94.94570	    37.44140	    18.10000
    98.99100	    37.44140	    18.10000
   -26.41140	    40.36160	    18.10000
   -22.36620	    40.36160	    18.10000
   -18.32090	    40.36160	    10.50000
   -14.27570	    40.36160	     9.78000
   -10.23040	    40.36160	    18.10000
    -6.18521	    40.36160	    18.10000
    -2.13997	    40.36160	    18.10000
     1.90527	    40.36160	    18.10000
     5.95051	    40.36160	     9.78000
     9.99575	    40.36160	    13.50000
    14.04100	    40.36160	    18.10000
    18.08620	    40.36160	    18.10000
    22.13150	    40.36160	    18.10000
    26.17670	    40.36160	    18.10000
    30.22190	    40.36160	    18.10000
    34.26720	    40.36160	    18.10000
    38.31240	    40.36160	    18.10000
    42.35770	    40.36160	    18.10000
    46.40290	    40.36160	    18.10000
    50.44810	    40.36160	    18.10000
    54.49340	    40.36160	    18.10000
    58.53860	    40.36160	    18.10000
    62.58380	    40.36160	    18.10000
    66.62910	    40.36160	    18.10000
    70.67430	    40.36160	    18.10000
    74.71960	    40.36160	    18.10000
    78.76480	    40.36160	    18.10000
    82.81000	    40.36160	    18.10000
    86.85530	    40.36160	    18.10000
    90.90050	    40.36160	    18.10000
    94.94570	    40.36160	    18.10000
    98.99100	    40.36160	    18.10000
   -26.41140	    43.28180	    18.10000
   -22.36620	    43.28180	    18.10000
   -18.32090	    43.28180	    18.10000
   -14.27570	    43.28180	    13.50000
   -10.23040	    43.28180	    18.10000
    -6.18521	    43.28180	    18.10000
    -2.13997	    43.28180	    18.10000
     1.90527	    43.28180	    18.10000
     5.95051	    43.28180	    12.00000
     9.99575	    43.28180	    17.30000
    14.04100	    43.28180	    18.10000
    18.08620	    43.28180	    18.10000
    22.13150	    43.28180	    18.10000
    26.17670	    43.28180	    18.10000
    30.22190	    43.28180	    18.10000
    34.26720	    43.28180	    18.10000
    38.31240	    43.28180	    18.10000
    42.35770	    43.28180	    18.10000
    46.40290	    43.28180	    18.10000
    50.44810	    43.28180	    18.10000
    54.49340	    43.28180	    18.10000
    58.53860	    43.28180	    18.10000
    62.58380	    43.28180	    18.10000
    66.62910	    43.28180	    18.10000
    70.67430	    43.28180	    18.10000
    74.71960	    43.28180	    18.10000
    78.76480	    43.28180	    18.10000
    82.81000	    43.28180	    18.10000
    86.85530	    43.28180	    18.10000
    90.90050	    43.28180	    18.10000
    94.94570	    43.28180	    18.10000
    98.99100	    43.28180	    18.10000
