   -83.19310	   -41.96870	    18.70000
   -79.55950	   -41.96870	    13.30000
   -75.92600	   -41.96870	    14.00000
   -72.29240	   -41.96870	    17.90000
   -68.65880	   -41.96870	    18.70000
   -65.02520	   -41.96870	    18.70000
   -61.39170	   -41.96870	    18.70000
   -57.75810	   -41.96870	    18.70000
   -54.12450	   -41.96870	    18.70000
   -50.49090	   -41.96870	    18.70000
   -46.85740	   -41.96870	    18.70000
   -43.22380	   -41.96870	    18.70000
   -39.59020	   -41.96870	    18.70000
   -35.95660	   -41.96870	    18.70000
   -32.32310	   -41.96870	    18.70000
   -28.68950	   -41.96870	    18.70000
   -25.05590	   -41.96870	    18.70000
   -21.42240	   -41.96870	    18.70000
   -17.78880	   -41.96870	    18.70000
   -14.15520	   -41.96870	    18.70000
   -10.52160	   -41.96870	    18.70000
    -6.88806	   -41.96870	    18.70000
    -3.25449	   -41.96870	    18.70000
     0.37909	   -41.96870	    18.70000
     4.01266	   -41.96870	    18.70000
     7.64623	   -41.96870	    18.70000
    11.27980	   -41.96870	    18.70000
    14.91340	   -41.96870	    18.70000
    18.54700	   -41.96870	    18.70000
    22.18050	   -41.96870	    18.70000
    25.81410	   -41.96870	    18.70000
    29.44770	   -41.96870	    18.70000
   -83.19310	   -39.48990	    18.70000
   -79.55950	   -39.48990	    11.70000
   -75.92600	   -39.48990	     9.36000
   -72.29240	   -39.48990	    11.70000
   -68.65880	   -39.48990	    14.80000
   -65.02520	   -39.48990	    17.90000
   -61.39170	   -39.48990	    18.70000
   -57.75810	   -39.48990	    18.70000
   -54.12450	   -39.48990	    18.70000
   -50.49090	   -39.48990	    18.70000
   -46.85740	   -39.48990	    18.70000
   -43.22380	   -39.48990	    18.70000
   -39.59020	   -39.48990	    18.70000
   -35.95660	   -39.48990	    18.70000
   -32.32310	   -39.48990	    18.70000
   -28.68950	   -39.48990	    18.70000
   -25.05590	   -39.48990	    18.70000
   -21.42240	   -39.48990	    18.70000
   -17.78880	   -39.48990	    18.70000
   -14.15520	   -39.48990	    18.70000
   -10.52160	   -39.48990	    18.70000
    -6.88806	   -39.48990	    18.70000
    -3.25449	   -39.48990	    18.70000
     0.37909	   -39.48990	    18.70000
     4.01266	   -39.48990	    18.70000
     7.64623	   -39.48990	    18.70000
    11.27980	   -39.48990	    18.70000
    14.91340	   -39.48990	    18.70000
    18.54700	   -39.48990	    18.70000
    22.18050	   -39.48990	    18.70000
    25.81410	   -39.48990	    18.70000
    29.44770	   -39.48990	    18.70000
   -83.19310	   -37.01120	    18.70000
   -79.55950	   -37.01120	    14.00000
   -75.92600	   -37.01120	    10.10000
   -72.29240	   -37.01120	    10.10000
   -68.65880	   -37.01120	    10.90000
   -65.02520	   -37.01120	    17.90000
   -61.39170	   -37.01120	    18.70000
   -57.75810	   -37.01120	    18.70000
   -54.12450	   -37.01120	    18.70000
   -50.49090	   -37.01120	    18.70000
   -46.85740	   -37.01120	    18.70000
   -43.22380	   -37.01120	    18.70000
   -39.59020	   -37.01120	    18.70000
   -35.95660	   -37.01120	    18.70000
   -32.32310	   -37.01120	    18.70000
   -28.68950	   -37.01120	    18.70000
   -25.05590	   -37.01120	    18.70000
   -21.42240	   -37.01120	    18.70000
   -17.78880	   -37.01120	    18.70000
   -14.15520	   -37.01120	    18.70000
   -10.52160	   -37.01120	    18.70000
    -6.88806	   -37.01120	    18.70000
    -3.25449	   -37.01120	    18.70000
     0.37909	   -37.01120	    18.70000
     4.01266	   -37.01120	    18.70000
     7.64623	   -37.01120	    18.70000
    11.27980	   -37.01120	    18.70000
    14.91340	   -37.01120	    18.70000
    18.54700	   -37.01120	    18.70000
    22.18050	   -37.01120	    18.70000
    25.81410	   -37.01120	    18.70000
    29.44770	   -37.01120	    18.70000
   -83.19310	   -34.53250	    18.70000
   -79.55950	   -34.53250	    14.00000
   -75.92600	   -34.53250	    11.70000
   -72.29240	   -34.53250	     8.58000
   -68.65880	   -34.53250	    10.10000
   -65.02520	   -34.53250	    18.70000
   -61.39170	   -34.53250	    18.70000
   -57.75810	   -34.53250	    18.70000
   -54.12450	   -34.53250	    18.70000
   -50.49090	   -34.53250	    18.70000
   -46.85740	   -34.53250	    18.70000
   -43.22380	   -34.53250	    18.70000
   -39.59020	   -34.53250	    18.70000
   -35.95660	   -34.53250	    18.70000
   -32.32310	   -34.53250	    18.70000
   -28.68950	   -34.53250	    18.70000
   -25.05590	   -34.53250	    18.70000
   -21.42240	   -34.53250	    18.70000
   -17.78880	   -34.53250	    18.70000
   -14.15520	   -34.53250	    18.70000
   -10.52160	   -34.53250	    18.70000
    -6.88806	   -34.53250	    18.70000
    -3.25449	   -34.53250	    18.70000
     0.37909	   -34.53250	    18.70000
     4.01266	   -34.53250	    18.70000
     7.64623	   -34.53250	    18.70000
    11.27980	   -34.53250	    18.70000
    14.91340	   -34.53250	    18.70000
    18.54700	   -34.53250	    18.70000
    22.18050	   -34.53250	    18.70000
    25.81410	   -34.53250	    18.70000
    29.44770	   -34.53250	    18.70000
   -83.19310	   -32.05380	    18.70000
   -79.55950	   -32.05380	    16.40000
   -75.92600	   -32.05380	    10.10000
   -72.29240	   -32.05380	     8.58000
   -68.65880	   -32.05380	    13.30000
   -65.02520	   -32.05380	    18.70000
   -61.39170	   -32.05380	    18.70000
   -57.75810	   -32.05380	    18.70000
   -54.12450	   -32.05380	    18.70000
   -50.49090	   -32.05380	    18.70000
   -46.85740	   -32.05380	    18.70000
   -43.22380	   -32.05380	    18.70000
   -39.59020	   -32.05380	    18.70000
   -35.95660	   -32.05380	    18.70000
   -32.32310	   -32.05380	    18.70000
   -28.68950	   -32.05380	    18.70000
   -25.05590	   -32.05380	    18.70000
   -21.42240	   -32.05380	    18.70000
   -17.78880	   -32.05380	    18.70000
   -14.15520	   -32.05380	    18.70000
   -10.52160	   -32.05380	    18.70000
    -6.88806	   -32.05380	    18.70000
    -3.25449	   -32.05380	    18.70000
     0.37909	   -32.05380	    18.70000
     4.01266	   -32.05380	    18.70000
     7.64623	   -32.05380	    18.70000
    11.27980	   -32.05380	    18.70000
    14.91340	   -32.05380	    18.70000
    18.54700	   -32.05380	    18.70000
    22.18050	   -32.05380	    18.70000
    25.81410	   -32.05380	    18.70000
    29.44770	   -32.05380	    18.70000
   -83.19310	   -29.57510	    18.70000
   -79.55950	   -29.57510	    17.90000
   -75.92600	   -29.57510	    10.90000
   -72.29240	   -29.57510	     7.80000
   -68.65880	   -29.57510	     9.36000
   -65.02520	   -29.57510	    16.40000
   -61.39170	   -29.57510	    18.70000
   -57.75810	   -29.57510	    18.70000
   -54.12450	   -29.57510	    18.70000
   -50.49090	   -29.57510	    18.70000
   -46.85740	   -29.57510	    18.70000
   -43.22380	   -29.57510	    18.70000
   -39.59020	   -29.57510	    18.70000
   -35.95660	   -29.57510	    18.70000
   -32.32310	   -29.57510	    18.70000
   -28.68950	   -29.57510	    18.70000
   -25.05590	   -29.57510	    18.70000
   -21.42240	   -29.57510	    18.70000
   -17.78880	   -29.57510	    18.70000
   -14.15520	   -29.57510	    18.70000
   -10.52160	   -29.57510	    18.70000
    -6.88806	   -29.57510	    18.70000
    -3.25449	   -29.57510	    18.70000
     0.37909	   -29.57510	    18.70000
     4.01266	   -29.57510	    18.70000
     7.64623	   -29.57510	    18.70000
    11.27980	   -29.57510	    18.70000
    14.91340	   -29.57510	    18.70000
    18.54700	   -29.57510	    18.70000
    22.18050	   -29.57510	    18.70000
    25.81410	   -29.57510	    18.70000
    29.44770	   -29.57510	    18.70000
   -83.19310	   -27.09640	    16.40000
   -79.55950	   -27.09640	    10.90000
   -75.92600	   -27.09640	    14.80000
   -72.29240	   -27.09640	     9.36000
   -68.65880	   -27.09640	    10.10000
   -65.02520	   -27.09640	    11.70000
   -61.39170	   -27.09640	    18.70000
   -57.75810	   -27.09640	    18.70000
   -54.12450	   -27.09640	    18.70000
   -50.49090	   -27.09640	    18.70000
   -46.85740	   -27.09640	    18.70000
   -43.22380	   -27.09640	    18.70000
   -39.59020	   -27.09640	    18.70000
   -35.95660	   -27.09640	    18.70000
   -32.32310	   -27.09640	    18.70000
   -28.68950	   -27.09640	    18.70000
   -25.05590	   -27.09640	    18.70000
   -21.42240	   -27.09640	    18.70000
   -17.78880	   -27.09640	    18.70000
   -14.15520	   -27.09640	    18.70000
   -10.52160	   -27.09640	    18.70000
    -6.88806	   -27.09640	    18.70000
    -3.25449	   -27.09640	    18.70000
     0.37909	   -27.09640	    18.70000
     4.01266	   -27.09640	    18.70000
     7.64623	   -27.09640	    18.70000
    11.27980	   -27.09640	    18.70000
    14.91340	   -27.09640	    18.70000
    18.54700	   -27.09640	    18.70000
    22.18050	   -27.09640	    18.70000
    25.81410	   -27.09640	    18.70000
    29.44770	   -27.09640	    18.70000
   -83.19310	   -24.61760	    17.90000
   -79.55950	   -24.61760	    11.70000
   -75.92600	   -24.61760	    13.30000
   -72.29240	   -24.61760	     9.36000
   -68.65880	   -24.61760	    10.10000
   -65.02520	   -24.61760	    11.70000
   -61.39170	   -24.61760	    16.40000
   -57.75810	   -24.61760	    18.70000
   -54.12450	   -24.61760	    18.70000
   -50.49090	   -24.61760	    18.70000
   -46.85740	   -24.61760	    18.70000
   -43.22380	   -24.61760	    18.70000
   -39.59020	   -24.61760	    18.70000
   -35.95660	   -24.61760	    18.70000
   -32.32310	   -24.61760	    18.70000
   -28.68950	   -24.61760	    18.70000
   -25.05590	   -24.61760	    18.70000
   -21.42240	   -24.61760	    18.70000
   -17.78880	   -24.61760	    18.70000
   -14.15520	   -24.61760	    18.70000
   -10.52160	   -24.61760	    18.70000
    -6.88806	   -24.61760	    18.70000
    -3.25449	   -24.61760	    18.70000
     0.37909	   -24.61760	    18.70000
     4.01266	   -24.61760	    18.70000
     7.64623	   -24.61760	    18.70000
    11.27980	   -24.61760	    18.70000
    14.91340	   -24.61760	    18.70000
    18.54700	   -24.61760	    18.70000
    22.18050	   -24.61760	    18.70000
    25.81410	   -24.61760	    18.70000
    29.44770	   -24.61760	    18.70000
   -83.19310	   -22.13890	    14.80000
   -79.55950	   -22.13890	    13.30000
   -75.92600	   -22.13890	    10.90000
   -72.29240	   -22.13890	    14.00000
   -68.65880	   -22.13890	    13.30000
   -65.02520	   -22.13890	    13.30000
   -61.39170	   -22.13890	    17.90000
   -57.75810	   -22.13890	    18.70000
   -54.12450	   -22.13890	    18.70000
   -50.49090	   -22.13890	    18.70000
   -46.85740	   -22.13890	    18.70000
   -43.22380	   -22.13890	    18.70000
   -39.59020	   -22.13890	    18.70000
   -35.95660	   -22.13890	    18.70000
   -32.32310	   -22.13890	    18.70000
   -28.68950	   -22.13890	    18.70000
   -25.05590	   -22.13890	    18.70000
   -21.42240	   -22.13890	    18.70000
   -17.78880	   -22.13890	    18.70000
   -14.15520	   -22.13890	    18.70000
   -10.52160	   -22.13890	    18.70000
    -6.88806	   -22.13890	    18.70000
    -3.25449	   -22.13890	    18.70000
     0.37909	   -22.13890	    18.70000
     4.01266	   -22.13890	    18.70000
     7.64623	   -22.13890	    18.70000
    11.27980	   -22.13890	    18.70000
    14.91340	   -22.13890	    18.70000
    18.54700	   -22.13890	    18.70000
    22.18050	   -22.13890	    18.70000
    25.81410	   -22.13890	    18.70000
    29.44770	   -22.13890	    18.70000
   -83.19310	   -19.66020	    14.80000
   -79.55950	   -19.66020	    11.70000
   -75.92600	   -19.66020	    10.10000
   -72.29240	   -19.66020	    10.90000
   -68.65880	   -19.66020	    14.80000
   -65.02520	   -19.66020	    14.00000
   -61.39170	   -19.66020	    16.40000
   -57.75810	   -19.66020	    14.00000
   -54.12450	   -19.66020	    18.70000
   -50.49090	   -19.66020	    18.70000
   -46.85740	   -19.66020	    18.70000
   -43.22380	   -19.66020	    18.70000
   -39.59020	   -19.66020	    18.70000
   -35.95660	   -19.66020	    18.70000
   -32.32310	   -19.66020	    18.70000
   -28.68950	   -19.66020	    18.70000
   -25.05590	   -19.66020	    18.70000
   -21.42240	   -19.66020	    18.70000
   -17.78880	   -19.66020	    18.70000
   -14.15520	   -19.66020	    18.70000
   -10.52160	   -19.66020	    18.70000
    -6.88806	   -19.66020	    18.70000
    -3.25449	   -19.66020	    18.70000
     0.37909	   -19.66020	    18.70000
     4.01266	   -19.66020	    18.70000
     7.64623	   -19.66020	    18.70000
    11.27980	   -19.66020	    18.70000
    14.91340	   -19.66020	    18.70000
    18.54700	   -19.66020	    18.70000
    22.18050	   -19.66020	    18.70000
    25.81410	   -19.66020	    18.70000
    29.44770	   -19.66020	    18.70000
   -83.19310	   -17.18150	    11.70000
   -79.55950	   -17.18150	    10.10000
   -75.92600	   -17.18150	     7.80000
   -72.29240	   -17.18150	    10.10000
   -68.65880	   -17.18150	    12.50000
   -65.02520	   -17.18150	    13.30000
   -61.39170	   -17.18150	    13.30000
   -57.75810	   -17.18150	    17.90000
   -54.12450	   -17.18150	    18.70000
   -50.49090	   -17.18150	    18.70000
   -46.85740	   -17.18150	    18.70000
   -43.22380	   -17.18150	    18.70000
   -39.59020	   -17.18150	    18.70000
   -35.95660	   -17.18150	    18.70000
   -32.32310	   -17.18150	    18.70000
   -28.68950	   -17.18150	    18.70000
   -25.05590	   -17.18150	    18.70000
   -21.42240	   -17.18150	    18.70000
   -17.78880	   -17.18150	    18.70000
   -14.15520	   -17.18150	    18.70000
   -10.52160	   -17.18150	    18.70000
    -6.88806	   -17.18150	    18.70000
    -3.25449	   -17.18150	    18.70000
     0.37909	   -17.18150	    18.70000
     4.01266	   -17.18150	    18.70000
     7.64623	   -17.18150	    18.70000
    11.27980	   -17.18150	    18.70000
    14.91340	   -17.18150	    18.70000
    18.54700	   -17.18150	    18.70000
    22.18050	   -17.18150	    18.70000
    25.81410	   -17.18150	    18.70000
    29.44770	   -17.18150	    18.70000
   -83.19310	   -14.70280	    14.80000
   -79.55950	   -14.70280	    10.90000
   -75.92600	   -14.70280	     9.36000
   -72.29240	   -14.70280	    10.10000
   -68.65880	   -14.70280	    10.90000
   -65.02520	   -14.70280	    10.90000
   -61.39170	   -14.70280	    14.00000
   -57.75810	   -14.70280	    18.70000
   -54.12450	   -14.70280	    18.70000
   -50.49090	   -14.70280	    18.70000
   -46.85740	   -14.70280	    18.70000
   -43.22380	   -14.70280	    18.70000
   -39.59020	   -14.70280	    18.70000
   -35.95660	   -14.70280	    18.70000
   -32.32310	   -14.70280	    18.70000
   -28.68950	   -14.70280	    18.70000
   -25.05590	   -14.70280	    18.70000
   -21.42240	   -14.70280	    18.70000
   -17.78880	   -14.70280	    18.70000
   -14.15520	   -14.70280	    18.70000
   -10.52160	   -14.70280	    18.70000
    -6.88806	   -14.70280	    18.70000
    -3.25449	   -14.70280	    18.70000
     0.37909	   -14.70280	    18.70000
     4.01266	   -14.70280	    18.70000
     7.64623	   -14.70280	    18.70000
    11.27980	   -14.70280	    18.70000
    14.91340	   -14.70280	    18.70000
    18.54700	   -14.70280	    18.70000
    22.18050	   -14.70280	    18.70000
    25.81410	   -14.70280	    18.70000
    29.44770	   -14.70280	    18.70000
   -83.19310	   -12.22410	    18.70000
   -79.55950	   -12.22410	    17.90000
   -75.92600	   -12.22410	     9.36000
   -72.29240	   -12.22410	    10.90000
   -68.65880	   -12.22410	    10.90000
   -65.02520	   -12.22410	    10.10000
   -61.39170	   -12.22410	    11.70000
   -57.75810	   -12.22410	    17.90000
   -54.12450	   -12.22410	    18.70000
   -50.49090	   -12.22410	    18.70000
   -46.85740	   -12.22410	    18.70000
   -43.22380	   -12.22410	    18.70000
   -39.59020	   -12.22410	    18.70000
   -35.95660	   -12.22410	    18.70000
   -32.32310	   -12.22410	    18.70000
   -28.68950	   -12.22410	    18.70000
   -25.05590	   -12.22410	    18.70000
   -21.42240	   -12.22410	    18.70000
   -17.78880	   -12.22410	    18.70000
   -14.15520	   -12.22410	    18.70000
   -10.52160	   -12.22410	    18.70000
    -6.88806	   -12.22410	    18.70000
    -3.25449	   -12.22410	    18.70000
     0.37909	   -12.22410	    18.70000
     4.01266	   -12.22410	    18.70000
     7.64623	   -12.22410	    18.70000
    11.27980	   -12.22410	    17.90000
    14.91340	   -12.22410	    11.70000
    18.54700	   -12.22410	    18.70000
    22.18050	   -12.22410	    18.70000
    25.81410	   -12.22410	    18.70000
    29.44770	   -12.22410	    18.70000
   -83.19310	    -9.74534	    18.70000
   -79.55950	    -9.74534	    18.70000
   -75.92600	    -9.74534	    13.30000
   -72.29240	    -9.74534	    10.90000
   -68.65880	    -9.74534	     9.36000
   -65.02520	    -9.74534	    11.70000
   -61.39170	    -9.74534	    18.70000
   -57.75810	    -9.74534	    18.70000
   -54.12450	    -9.74534	    18.70000
   -50.49090	    -9.74534	    18.70000
   -46.85740	    -9.74534	    18.70000
   -43.22380	    -9.74534	    18.70000
   -39.59020	    -9.74534	    18.70000
   -35.95660	    -9.74534	    18.70000
   -32.32310	    -9.74534	    18.70000
   -28.68950	    -9.74534	    18.70000
   -25.05590	    -9.74534	    18.70000
   -21.42240	    -9.74534	    18.70000
   -17.78880	    -9.74534	    18.70000
   -14.15520	    -9.74534	    18.70000
   -10.52160	    -9.74534	    18.70000
    -6.88806	    -9.74534	    18.70000
    -3.25449	    -9.74534	    18.70000
     0.37909	    -9.74534	    18.70000
     4.01266	    -9.74534	    18.70000
     7.64623	    -9.74534	    18.70000
    11.27980	    -9.74534	    13.30000
    14.91340	    -9.74534	    10.90000
    18.54700	    -9.74534	     7.80000
    22.18050	    -9.74534	    14.00000
    25.81410	    -9.74534	    14.80000
    29.44770	    -9.74534	    17.90000
   -83.19310	    -7.26663	    18.70000
   -79.55950	    -7.26663	    18.70000
   -75.92600	    -7.26663	    13.30000
   -72.29240	    -7.26663	    11.70000
   -68.65880	    -7.26663	    13.30000
   -65.02520	    -7.26663	    11.70000
   -61.39170	    -7.26663	    18.70000
   -57.75810	    -7.26663	    18.70000
   -54.12450	    -7.26663	    18.70000
   -50.49090	    -7.26663	    18.70000
   -46.85740	    -7.26663	    18.70000
   -43.22380	    -7.26663	    18.70000
   -39.59020	    -7.26663	    18.70000
   -35.95660	    -7.26663	    18.70000
   -32.32310	    -7.26663	    18.70000
   -28.68950	    -7.26663	    18.70000
   -25.05590	    -7.26663	    18.70000
   -21.42240	    -7.26663	    18.70000
   -17.78880	    -7.26663	    18.70000
   -14.15520	    -7.26663	    18.70000
   -10.52160	    -7.26663	    18.70000
    -6.88806	    -7.26663	    18.70000
    -3.25449	    -7.26663	    13.30000
     0.37909	    -7.26663	    16.40000
     4.01266	    -7.26663	    18.70000
     7.64623	    -7.26663	    14.00000
    11.27980	    -7.26663	    10.10000
    14.91340	    -7.26663	     7.80000
    18.54700	    -7.26663	     4.68000
    22.18050	    -7.26663	     7.02000
    25.81410	    -7.26663	     6.24000
    29.44770	    -7.26663	    11.70000
   -83.19310	    -4.78791	    18.70000
   -79.55950	    -4.78791	    18.70000
   -75.92600	    -4.78791	    18.70000
   -72.29240	    -4.78791	    11.70000
   -68.65880	    -4.78791	    10.90000
   -65.02520	    -4.78791	    16.40000
   -61.39170	    -4.78791	    18.70000
   -57.75810	    -4.78791	    18.70000
   -54.12450	    -4.78791	    18.70000
   -50.49090	    -4.78791	    18.70000
   -46.85740	    -4.78791	    18.70000
   -43.22380	    -4.78791	    18.70000
   -39.59020	    -4.78791	    18.70000
   -35.95660	    -4.78791	    18.70000
   -32.32310	    -4.78791	    18.70000
   -28.68950	    -4.78791	    18.70000
   -25.05590	    -4.78791	    18.70000
   -21.42240	    -4.78791	    18.70000
   -17.78880	    -4.78791	    18.70000
   -14.15520	    -4.78791	    14.80000
   -10.52160	    -4.78791	    14.00000
    -6.88806	    -4.78791	    16.40000
    -3.25449	    -4.78791	    14.00000
     0.37909	    -4.78791	    12.50000
     4.01266	    -4.78791	    18.70000
     7.64623	    -4.78791	    14.00000
    11.27980	    -4.78791	     8.58000
    14.91340	    -4.78791	     3.90000
    18.54700	    -4.78791	     1.56000
    22.18050	    -4.78791	     0.00000
    25.81410	    -4.78791	     3.90000
    29.44770	    -4.78791	    18.70000
   -83.19310	    -2.30920	    18.70000
   -79.55950	    -2.30920	    18.70000
   -75.92600	    -2.30920	    18.70000
   -72.29240	    -2.30920	    18.70000
   -68.65880	    -2.30920	    16.40000
   -65.02520	    -2.30920	    14.80000
   -61.39170	    -2.30920	    17.90000
   -57.75810	    -2.30920	    10.10000
   -54.12450	    -2.30920	    17.90000
   -50.49090	    -2.30920	    18.70000
   -46.85740	    -2.30920	    18.70000
   -43.22380	    -2.30920	    18.70000
   -39.59020	    -2.30920	    18.70000
   -35.95660	    -2.30920	    18.70000
   -32.32310	    -2.30920	    18.70000
   -28.68950	    -2.30920	    18.70000
   -25.05590	    -2.30920	    18.70000
   -21.42240	    -2.30920	    18.70000
   -17.78880	    -2.30920	    18.70000
   -14.15520	    -2.30920	    14.00000
   -10.52160	    -2.30920	     9.36000
    -6.88806	    -2.30920	    12.50000
    -3.25449	    -2.30920	    13.30000
     0.37909	    -2.30920	    14.80000
     4.01266	    -2.30920	    13.30000
     7.64623	    -2.30920	    10.90000
    11.27980	    -2.30920	     6.24000
    14.91340	    -2.30920	     1.56000
    18.54700	    -2.30920	     0.78000
    22.18050	    -2.30920	     0.00000
    25.81410	    -2.30920	     7.80000
    29.44770	    -2.30920	    18.70000
   -83.19310	     0.16952	    18.70000
   -79.55950	     0.16952	    18.70000
   -75.92600	     0.16952	    18.70000
   -72.29240	     0.16952	    18.70000
   -68.65880	     0.16952	    18.70000
   -65.02520	     0.16952	    17.90000
   -61.39170	     0.16952	    11.70000
   -57.75810	     0.16952	    10.90000
   -54.12450	     0.16952	    10.10000
   -50.49090	     0.16952	    18.70000
   -46.85740	     0.16952	    18.70000
   -43.22380	     0.16952	    18.70000
   -39.59020	     0.16952	    18.70000
   -35.95660	     0.16952	    18.70000
   -32.32310	     0.16952	    18.70000
   -28.68950	     0.16952	    18.70000
   -25.05590	     0.16952	    18.70000
   -21.42240	     0.16952	    18.70000
   -17.78880	     0.16952	    18.70000
   -14.15520	     0.16952	    14.80000
   -10.52160	     0.16952	    13.30000
    -6.88806	     0.16952	    13.30000
    -3.25449	     0.16952	    12.50000
     0.37909	     0.16952	    12.50000
     4.01266	     0.16952	    18.70000
     7.64623	     0.16952	    10.10000
    11.27980	     0.16952	     4.68000
    14.91340	     0.16952	     4.68000
    18.54700	     0.16952	     3.90000
    22.18050	     0.16952	     7.02000
    25.81410	     0.16952	    18.70000
    29.44770	     0.16952	    18.70000
   -83.19310	     2.64824	    18.70000
   -79.55950	     2.64824	    18.70000
   -75.92600	     2.64824	    18.70000
   -72.29240	     2.64824	    18.70000
   -68.65880	     2.64824	    18.70000
   -65.02520	     2.64824	    18.70000
   -61.39170	     2.64824	    14.00000
   -57.75810	     2.64824	    10.10000
   -54.12450	     2.64824	    10.90000
   -50.49090	     2.64824	    13.30000
   -46.85740	     2.64824	    18.70000
   -43.22380	     2.64824	    18.70000
   -39.59020	     2.64824	    18.70000
   -35.95660	     2.64824	    18.70000
   -32.32310	     2.64824	    18.70000
   -28.68950	     2.64824	    18.70000
   -25.05590	     2.64824	    18.70000
   -21.42240	     2.64824	    18.70000
   -17.78880	     2.64824	    18.70000
   -14.15520	     2.64824	    12.50000
   -10.52160	     2.64824	    10.10000
    -6.88806	     2.64824	     7.80000
    -3.25449	     2.64824	     9.36000
     0.37909	     2.64824	    18.70000
     4.01266	     2.64824	    14.80000
     7.64623	     2.64824	     7.80000
    11.27980	     2.64824	     6.24000
    14.91340	     2.64824	    14.00000
    18.54700	     2.64824	    14.80000
    22.18050	     2.64824	    18.70000
    25.81410	     2.64824	    18.70000
    29.44770	     2.64824	    18.70000
   -83.19310	     5.12695	    18.70000
   -79.55950	     5.12695	    18.70000
   -75.92600	     5.12695	    18.70000
   -72.29240	     5.12695	    18.70000
   -68.65880	     5.12695	    18.70000
   -65.02520	     5.12695	    18.70000
   -61.39170	     5.12695	    16.40000
   -57.75810	     5.12695	    12.50000
   -54.12450	     5.12695	    13.30000
   -50.49090	     5.12695	    18.70000
   -46.85740	     5.12695	    18.70000
   -43.22380	     5.12695	    18.70000
   -39.59020	     5.12695	    18.70000
   -35.95660	     5.12695	    18.70000
   -32.32310	     5.12695	    18.70000
   -28.68950	     5.12695	    18.70000
   -25.05590	     5.12695	    18.70000
   -21.42240	     5.12695	    18.70000
   -17.78880	     5.12695	    18.70000
   -14.15520	     5.12695	    12.50000
   -10.52160	     5.12695	     7.80000
    -6.88806	     5.12695	    10.10000
    -3.25449	     5.12695	    17.90000
     0.37909	     5.12695	    18.70000
     4.01266	     5.12695	    18.70000
     7.64623	     5.12695	    14.00000
    11.27980	     5.12695	    17.90000
    14.91340	     5.12695	    18.70000
    18.54700	     5.12695	    18.70000
    22.18050	     5.12695	    18.70000
    25.81410	     5.12695	    18.70000
    29.44770	     5.12695	    18.70000
   -83.19310	     7.60567	    18.70000
   -79.55950	     7.60567	    18.70000
   -75.92600	     7.60567	    18.70000
   -72.29240	     7.60567	    18.70000
   -68.65880	     7.60567	    18.70000
   -65.02520	     7.60567	    18.70000
   -61.39170	     7.60567	    14.00000
   -57.75810	     7.60567	    12.50000
   -54.12450	     7.60567	    11.70000
   -50.49090	     7.60567	    17.90000
   -46.85740	     7.60567	    18.70000
   -43.22380	     7.60567	    18.70000
   -39.59020	     7.60567	    18.70000
   -35.95660	     7.60567	    18.70000
   -32.32310	     7.60567	    18.70000
   -28.68950	     7.60567	    18.70000
   -25.05590	     7.60567	    18.70000
   -21.42240	     7.60567	    18.70000
   -17.78880	     7.60567	    18.70000
   -14.15520	     7.60567	    10.90000
   -10.52160	     7.60567	    13.30000
    -6.88806	     7.60567	    10.90000
    -3.25449	     7.60567	    18.70000
     0.37909	     7.60567	    18.70000
     4.01266	     7.60567	    18.70000
     7.64623	     7.60567	    18.70000
    11.27980	     7.60567	    18.70000
    14.91340	     7.60567	    18.70000
    18.54700	     7.60567	    18.70000
    22.18050	     7.60567	    18.70000
    25.81410	     7.60567	    18.70000
    29.44770	     7.60567	    18.70000
   -83.19310	    10.08440	    18.70000
   -79.55950	    10.08440	    18.70000
   -75.92600	    10.08440	    18.70000
   -72.29240	    10.08440	    18.70000
   -68.65880	    10.08440	    18.70000
   -65.02520	    10.08440	    18.70000
   -61.39170	    10.08440	    17.90000
   -57.75810	    10.08440	    13.30000
   -54.12450	    10.08440	    12.50000
   -50.49090	    10.08440	    17.90000
   -46.85740	    10.08440	    18.70000
   -43.22380	    10.08440	    18.70000
   -39.59020	    10.08440	    18.70000
   -35.95660	    10.08440	    18.70000
   -32.32310	    10.08440	    18.70000
   -28.68950	    10.08440	    18.70000
   -25.05590	    10.08440	    18.70000
   -21.42240	    10.08440	    18.70000
   -17.78880	    10.08440	    10.90000
   -14.15520	    10.08440	    10.10000
   -10.52160	    10.08440	    13.30000
    -6.88806	    10.08440	    18.70000
    -3.25449	    10.08440	    18.70000
     0.37909	    10.08440	    18.70000
     4.01266	    10.08440	    18.70000
     7.64623	    10.08440	    18.70000
    11.27980	    10.08440	    18.70000
    14.91340	    10.08440	    18.70000
    18.54700	    10.08440	    18.70000
    22.18050	    10.08440	    18.70000
    25.81410	    10.08440	    18.70000
    29.44770	    10.08440	    18.70000
   -83.19310	    12.56310	    18.70000
   -79.55950	    12.56310	    18.70000
   -75.92600	    12.56310	    18.70000
   -72.29240	    12.56310	    18.70000
   -68.65880	    12.56310	    18.70000
   -65.02520	    12.56310	    18.70000
   -61.39170	    12.56310	    18.70000
   -57.75810	    12.56310	    12.50000
   -54.12450	    12.56310	    10.90000
   -50.49090	    12.56310	    18.70000
   -46.85740	    12.56310	    18.70000
   -43.22380	    12.56310	    18.70000
   -39.59020	    12.56310	    18.70000
   -35.95660	    12.56310	    18.70000
   -32.32310	    12.56310	    14.00000
   -28.68950	    12.56310	    14.80000
   -25.05590	    12.56310	    12.50000
   -21.42240	    12.56310	    11.70000
   -17.78880	    12.56310	    11.70000
   -14.15520	    12.56310	    10.90000
   -10.52160	    12.56310	    17.90000
    -6.88806	    12.56310	    18.70000
    -3.25449	    12.56310	    18.70000
     0.37909	    12.56310	    18.70000
     4.01266	    12.56310	    18.70000
     7.64623	    12.56310	    18.70000
    11.27980	    12.56310	    18.70000
    14.91340	    12.56310	    18.70000
    18.54700	    12.56310	    18.70000
    22.18050	    12.56310	    18.70000
    25.81410	    12.56310	    18.70000
    29.44770	    12.56310	    18.70000
   -83.19310	    15.04180	    18.70000
   -79.55950	    15.04180	    18.70000
   -75.92600	    15.04180	    18.70000
   -72.29240	    15.04180	    18.70000
   -68.65880	    15.04180	    18.70000
   -65.02520	    15.04180	    18.70000
   -61.39170	    15.04180	    18.70000
   -57.75810	    15.04180	    16.40000
   -54.12450	    15.04180	    14.00000
   -50.49090	    15.04180	    16.40000
   -46.85740	    15.04180	    18.70000
   -43.22380	    15.04180	    18.70000
   -39.59020	    15.04180	    18.70000
   -35.95660	    15.04180	    13.30000
   -32.32310	    15.04180	    10.10000
   -28.68950	    15.04180	    14.00000
   -25.05590	    15.04180	    16.40000
   -21.42240	    15.04180	    13.30000
   -17.78880	    15.04180	    13.30000
   -14.15520	    15.04180	    18.70000
   -10.52160	    15.04180	    18.70000
    -6.88806	    15.04180	    18.70000
    -3.25449	    15.04180	    18.70000
     0.37909	    15.04180	    18.70000
     4.01266	    15.04180	    18.70000
     7.64623	    15.04180	    18.70000
    11.27980	    15.04180	    18.70000
    14.91340	    15.04180	    18.70000
    18.54700	    15.04180	    18.70000
    22.18050	    15.04180	    18.70000
    25.81410	    15.04180	    18.70000
    29.44770	    15.04180	    18.70000
   -83.19310	    17.52050	    18.70000
   -79.55950	    17.52050	    18.70000
   -75.92600	    17.52050	    18.70000
   -72.29240	    17.52050	    18.70000
   -68.65880	    17.52050	    18.70000
   -65.02520	    17.52050	    18.70000
   -61.39170	    17.52050	    18.70000
   -57.75810	    17.52050	    18.70000
   -54.12450	    17.52050	    17.90000
   -50.49090	    17.52050	     9.36000
   -46.85740	    17.52050	    14.00000
   -43.22380	    17.52050	    18.70000
   -39.59020	    17.52050	    18.70000
   -35.95660	    17.52050	     9.36000
   -32.32310	    17.52050	    13.30000
   -28.68950	    17.52050	    17.90000
   -25.05590	    17.52050	    18.70000
   -21.42240	    17.52050	    13.30000
   -17.78880	    17.52050	    14.80000
   -14.15520	    17.52050	    18.70000
   -10.52160	    17.52050	    18.70000
    -6.88806	    17.52050	    18.70000
    -3.25449	    17.52050	    18.70000
     0.37909	    17.52050	    18.70000
     4.01266	    17.52050	    18.70000
     7.64623	    17.52050	    18.70000
    11.27980	    17.52050	    18.70000
    14.91340	    17.52050	    18.70000
    18.54700	    17.52050	    18.70000
    22.18050	    17.52050	    18.70000
    25.81410	    17.52050	    18.70000
    29.44770	    17.52050	    18.70000
   -83.19310	    19.99920	    18.70000
   -79.55950	    19.99920	    18.70000
   -75.92600	    19.99920	    18.70000
   -72.29240	    19.99920	    18.70000
   -68.65880	    19.99920	    18.70000
   -65.02520	    19.99920	    18.70000
   -61.39170	    19.99920	    18.70000
   -57.75810	    19.99920	    18.70000
   -54.12450	    19.99920	    14.00000
   -50.49090	    19.99920	     9.36000
   -46.85740	    19.99920	    10.90000
   -43.22380	    19.99920	    10.10000
   -39.59020	    19.99920	    12.50000
   -35.95660	    19.99920	     6.24000
   -32.32310	    19.99920	    13.30000
   -28.68950	    19.99920	    18.70000
   -25.05590	    19.99920	    18.70000
   -21.42240	    19.99920	    18.70000
   -17.78880	    19.99920	    18.70000
   -14.15520	    19.99920	    18.70000
   -10.52160	    19.99920	    18.70000
    -6.88806	    19.99920	    18.70000
    -3.25449	    19.99920	    18.70000
     0.37909	    19.99920	    18.70000
     4.01266	    19.99920	    18.70000
     7.64623	    19.99920	    18.70000
    11.27980	    19.99920	    18.70000
    14.91340	    19.99920	    18.70000
    18.54700	    19.99920	    18.70000
    22.18050	    19.99920	    18.70000
    25.81410	    19.99920	    18.70000
    29.44770	    19.99920	    18.70000
   -83.19310	    22.47800	    18.70000
   -79.55950	    22.47800	    18.70000
   -75.92600	    22.47800	    18.70000
   -72.29240	    22.47800	    18.70000
   -68.65880	    22.47800	    18.70000
   -65.02520	    22.47800	    18.70000
   -61.39170	    22.47800	    18.70000
   -57.75810	    22.47800	    18.70000
   -54.12450	    22.47800	    14.00000
   -50.49090	    22.47800	    11.70000
   -46.85740	    22.47800	    10.10000
   -43.22380	    22.47800	     6.24000
   -39.59020	    22.47800	     7.02000
   -35.95660	    22.47800	     6.24000
   -32.32310	    22.47800	    12.50000
   -28.68950	    22.47800	    18.70000
   -25.05590	    22.47800	    18.70000
   -21.42240	    22.47800	    18.70000
   -17.78880	    22.47800	    18.70000
   -14.15520	    22.47800	    18.70000
   -10.52160	    22.47800	    18.70000
    -6.88806	    22.47800	    18.70000
    -3.25449	    22.47800	    18.70000
     0.37909	    22.47800	    18.70000
     4.01266	    22.47800	    18.70000
     7.64623	    22.47800	    18.70000
    11.27980	    22.47800	    18.70000
    14.91340	    22.47800	    18.70000
    18.54700	    22.47800	    18.70000
    22.18050	    22.47800	    18.70000
    25.81410	    22.47800	    18.70000
    29.44770	    22.47800	    18.70000
   -83.19310	    24.95670	    18.70000
   -79.55950	    24.95670	    18.70000
   -75.92600	    24.95670	    18.70000
   -72.29240	    24.95670	    18.70000
   -68.65880	    24.95670	    18.70000
   -65.02520	    24.95670	    18.70000
   -61.39170	    24.95670	    18.70000
   -57.75810	    24.95670	    18.70000
   -54.12450	    24.95670	    14.00000
   -50.49090	    24.95670	    11.70000
   -46.85740	    24.95670	    10.10000
   -43.22380	    24.95670	     7.80000
   -39.59020	    24.95670	     5.46000
   -35.95660	    24.95670	     8.58000
   -32.32310	    24.95670	    18.70000
   -28.68950	    24.95670	    18.70000
   -25.05590	    24.95670	    18.70000
   -21.42240	    24.95670	    18.70000
   -17.78880	    24.95670	    18.70000
   -14.15520	    24.95670	    18.70000
   -10.52160	    24.95670	    18.70000
    -6.88806	    24.95670	    18.70000
    -3.25449	    24.95670	    18.70000
     0.37909	    24.95670	    18.70000
     4.01266	    24.95670	    18.70000
     7.64623	    24.95670	    18.70000
    11.27980	    24.95670	    18.70000
    14.91340	    24.95670	    18.70000
    18.54700	    24.95670	    18.70000
    22.18050	    24.95670	    18.70000
    25.81410	    24.95670	    18.70000
    29.44770	    24.95670	    18.70000
   -83.19310	    27.43540	    18.70000
   -79.55950	    27.43540	    18.70000
   -75.92600	    27.43540	    18.70000
   -72.29240	    27.43540	    18.70000
   -68.65880	    27.43540	    18.70000
   -65.02520	    27.43540	    18.70000
   -61.39170	    27.43540	    18.70000
   -57.75810	    27.43540	    18.70000
   -54.12450	    27.43540	    18.70000
   -50.49090	    27.43540	    14.00000
   -46.85740	    27.43540	     9.36000
   -43.22380	    27.43540	     8.58000
   -39.59020	    27.43540	     5.46000
   -35.95660	    27.43540	     8.58000
   -32.32310	    27.43540	    16.40000
   -28.68950	    27.43540	    18.70000
   -25.05590	    27.43540	    18.70000
   -21.42240	    27.43540	    18.70000
   -17.78880	    27.43540	    18.70000
   -14.15520	    27.43540	    18.70000
   -10.52160	    27.43540	    18.70000
    -6.88806	    27.43540	    18.70000
    -3.25449	    27.43540	    18.70000
     0.37909	    27.43540	    18.70000
     4.01266	    27.43540	    18.70000
     7.64623	    27.43540	    18.70000
    11.27980	    27.43540	    18.70000
    14.91340	    27.43540	    18.70000
    18.54700	    27.43540	    18.70000
    22.18050	    27.43540	    18.70000
    25.81410	    27.43540	    18.70000
    29.44770	    27.43540	    18.70000
   -83.19310	    29.91410	    18.70000
   -79.55950	    29.91410	    18.70000
   -75.92600	    29.91410	    18.70000
   -72.29240	    29.91410	    18.70000
   -68.65880	    29.91410	    18.70000
   -65.02520	    29.91410	    18.70000
   -61.39170	    29.91410	    18.70000
   -57.75810	    29.91410	    18.70000
   -54.12450	    29.91410	    18.70000
   -50.49090	    29.91410	    17.90000
   -46.85740	    29.91410	    14.00000
   -43.22380	    29.91410	    10.90000
   -39.59020	    29.91410	     6.24000
   -35.95660	    29.91410	    10.10000
   -32.32310	    29.91410	    18.70000
   -28.68950	    29.91410	    18.70000
   -25.05590	    29.91410	    18.70000
   -21.42240	    29.91410	    18.70000
   -17.78880	    29.91410	    18.70000
   -14.15520	    29.91410	    18.70000
   -10.52160	    29.91410	    18.70000
    -6.88806	    29.91410	    18.70000
    -3.25449	    29.91410	    18.70000
     0.37909	    29.91410	    18.70000
     4.01266	    29.91410	    18.70000
     7.64623	    29.91410	    18.70000
    11.27980	    29.91410	    18.70000
    14.91340	    29.91410	    18.70000
    18.54700	    29.91410	    18.70000
    22.18050	    29.91410	    18.70000
    25.81410	    29.91410	    18.70000
    29.44770	    29.91410	    18.70000
   -83.19310	    32.39280	    18.70000
   -79.55950	    32.39280	    18.70000
   -75.92600	    32.39280	    18.70000
   -72.29240	    32.39280	    18.70000
   -68.65880	    32.39280	    18.70000
   -65.02520	    32.39280	    18.70000
   -61.39170	    32.39280	    18.70000
   -57.75810	    32.39280	    18.70000
   -54.12450	    32.39280	    18.70000
   -50.49090	    32.39280	    18.70000
   -46.85740	    32.39280	    18.70000
   -43.22380	    32.39280	    11.70000
   -39.59020	    32.39280	    10.10000
   -35.95660	    32.39280	    10.10000
   -32.32310	    32.39280	    18.70000
   -28.68950	    32.39280	    18.70000
   -25.05590	    32.39280	    18.70000
   -21.42240	    32.39280	    18.70000
   -17.78880	    32.39280	    18.70000
   -14.15520	    32.39280	    18.70000
   -10.52160	    32.39280	    18.70000
    -6.88806	    32.39280	    18.70000
    -3.25449	    32.39280	    18.70000
     0.37909	    32.39280	    18.70000
     4.01266	    32.39280	    18.70000
     7.64623	    32.39280	    18.70000
    11.27980	    32.39280	    18.70000
    14.91340	    32.39280	    18.70000
    18.54700	    32.39280	    18.70000
    22.18050	    32.39280	    18.70000
    25.81410	    32.39280	    18.70000
    29.44770	    32.39280	    18.70000
   -83.19310	    34.87150	    18.70000
   -79.55950	    34.87150	    18.70000
   -75.92600	    34.87150	    18.70000
   -72.29240	    34.87150	    18.70000
   -68.65880	    34.87150	    18.70000
   -65.02520	    34.87150	    18.70000
   -61.39170	    34.87150	    18.70000
   -57.75810	    34.87150	    18.70000
   -54.12450	    34.87150	    18.70000
   -50.49090	    34.87150	    18.70000
   -46.85740	    34.87150	    18.70000
   -43.22380	    34.87150	    16.40000
   -39.59020	    34.87150	    14.00000
   -35.95660	    34.87150	    12.50000
   -32.32310	    34.87150	    18.70000
   -28.68950	    34.87150	    18.70000
   -25.05590	    34.87150	    18.70000
   -21.42240	    34.87150	    18.70000
   -17.78880	    34.87150	    18.70000
   -14.15520	    34.87150	    18.70000
   -10.52160	    34.87150	    18.70000
    -6.88806	    34.87150	    18.70000
    -3.25449	    34.87150	    18.70000
     0.37909	    34.87150	    18.70000
     4.01266	    34.87150	    18.70000
     7.64623	    34.87150	    18.70000
    11.27980	    34.87150	    18.70000
    14.91340	    34.87150	    18.70000
    18.54700	    34.87150	    18.70000
    22.18050	    34.87150	    18.70000
    25.81410	    34.87150	    18.70000
    29.44770	    34.87150	    18.70000
