receptor = E6AP.pdbqt
exhaustiveness  = 8
center_x = -27.6223
center_y = -29.0081
center_z = -12.0934
size_x = 76.1687814762
size_y = 76.1687814762
size_z = 76.1687814762