receptor = E6.pdbqt
exhaustiveness  = 8
center_x = -58.2988133821
center_y = -6.05576256081
center_z = -15.0529233146
size_x = 61.1275240021
size_y = 51.6027698194
size_z = 56.7710783002