   -32.28640	   -57.19190	    17.30000
   -28.07350	   -57.19190	    17.30000
   -23.86060	   -57.19190	    17.30000
   -19.64770	   -57.19190	    17.30000
   -15.43480	   -57.19190	    17.30000
   -11.22180	   -57.19190	    17.30000
    -7.00893	   -57.19190	    12.20000
    -2.79601	   -57.19190	    16.60000
     1.41692	   -57.19190	    17.30000
     5.62984	   -57.19190	    17.30000
     9.84276	   -57.19190	    17.30000
    14.05570	   -57.19190	    17.30000
    18.26860	   -57.19190	    17.30000
    22.48150	   -57.19190	    17.30000
    26.69440	   -57.19190	    17.30000
    30.90740	   -57.19190	    17.30000
    35.12030	   -57.19190	    17.30000
    39.33320	   -57.19190	    17.30000
    43.54610	   -57.19190	    17.30000
    47.75900	   -57.19190	    17.30000
    51.97200	   -57.19190	    17.30000
    56.18490	   -57.19190	    17.30000
    60.39780	   -57.19190	    17.30000
    64.61070	   -57.19190	    17.30000
    68.82360	   -57.19190	    17.30000
    73.03660	   -57.19190	    17.30000
    77.24950	   -57.19190	    17.30000
    81.46240	   -57.19190	    17.30000
    85.67530	   -57.19190	    17.30000
    89.88830	   -57.19190	    17.30000
    94.10120	   -57.19190	    17.30000
    98.31410	   -57.19190	    17.30000
   -32.28640	   -54.38360	    17.30000
   -28.07350	   -54.38360	    17.30000
   -23.86060	   -54.38360	    17.30000
   -19.64770	   -54.38360	    17.30000
   -15.43480	   -54.38360	    17.30000
   -11.22180	   -54.38360	    16.60000
    -7.00893	   -54.38360	     9.37000
    -2.79601	   -54.38360	    11.50000
     1.41692	   -54.38360	    17.30000
     5.62984	   -54.38360	    17.30000
     9.84276	   -54.38360	    17.30000
    14.05570	   -54.38360	    17.30000
    18.26860	   -54.38360	    17.30000
    22.48150	   -54.38360	    17.30000
    26.69440	   -54.38360	    17.30000
    30.90740	   -54.38360	    17.30000
    35.12030	   -54.38360	    17.30000
    39.33320	   -54.38360	    17.30000
    43.54610	   -54.38360	    17.30000
    47.75900	   -54.38360	    17.30000
    51.97200	   -54.38360	    17.30000
    56.18490	   -54.38360	    17.30000
    60.39780	   -54.38360	    17.30000
    64.61070	   -54.38360	    17.30000
    68.82360	   -54.38360	    17.30000
    73.03660	   -54.38360	    17.30000
    77.24950	   -54.38360	    17.30000
    81.46240	   -54.38360	    17.30000
    85.67530	   -54.38360	    17.30000
    89.88830	   -54.38360	    17.30000
    94.10120	   -54.38360	    17.30000
    98.31410	   -54.38360	    17.30000
   -32.28640	   -51.57530	    17.30000
   -28.07350	   -51.57530	    17.30000
   -23.86060	   -51.57530	    17.30000
   -19.64770	   -51.57530	    17.30000
   -15.43480	   -51.57530	    13.70000
   -11.22180	   -51.57530	     8.65000
    -7.00893	   -51.57530	    11.50000
    -2.79601	   -51.57530	    16.60000
     1.41692	   -51.57530	    17.30000
     5.62984	   -51.57530	    17.30000
     9.84276	   -51.57530	    17.30000
    14.05570	   -51.57530	    17.30000
    18.26860	   -51.57530	    17.30000
    22.48150	   -51.57530	    17.30000
    26.69440	   -51.57530	    17.30000
    30.90740	   -51.57530	    17.30000
    35.12030	   -51.57530	    17.30000
    39.33320	   -51.57530	    17.30000
    43.54610	   -51.57530	    17.30000
    47.75900	   -51.57530	    17.30000
    51.97200	   -51.57530	    17.30000
    56.18490	   -51.57530	    17.30000
    60.39780	   -51.57530	    17.30000
    64.61070	   -51.57530	    17.30000
    68.82360	   -51.57530	    17.30000
    73.03660	   -51.57530	    17.30000
    77.24950	   -51.57530	    17.30000
    81.46240	   -51.57530	    17.30000
    85.67530	   -51.57530	    17.30000
    89.88830	   -51.57530	    17.30000
    94.10120	   -51.57530	    17.30000
    98.31410	   -51.57530	    17.30000
   -32.28640	   -48.76700	    17.30000
   -28.07350	   -48.76700	    17.30000
   -23.86060	   -48.76700	    17.30000
   -19.64770	   -48.76700	    17.30000
   -15.43480	   -48.76700	    10.80000
   -11.22180	   -48.76700	    12.20000
    -7.00893	   -48.76700	    17.30000
    -2.79601	   -48.76700	    17.30000
     1.41692	   -48.76700	    17.30000
     5.62984	   -48.76700	    17.30000
     9.84276	   -48.76700	    17.30000
    14.05570	   -48.76700	    17.30000
    18.26860	   -48.76700	    17.30000
    22.48150	   -48.76700	    17.30000
    26.69440	   -48.76700	    17.30000
    30.90740	   -48.76700	    17.30000
    35.12030	   -48.76700	    17.30000
    39.33320	   -48.76700	    17.30000
    43.54610	   -48.76700	    17.30000
    47.75900	   -48.76700	    17.30000
    51.97200	   -48.76700	    17.30000
    56.18490	   -48.76700	    17.30000
    60.39780	   -48.76700	    17.30000
    64.61070	   -48.76700	    17.30000
    68.82360	   -48.76700	    17.30000
    73.03660	   -48.76700	    17.30000
    77.24950	   -48.76700	    17.30000
    81.46240	   -48.76700	    17.30000
    85.67530	   -48.76700	    17.30000
    89.88830	   -48.76700	    17.30000
    94.10120	   -48.76700	    17.30000
    98.31410	   -48.76700	    17.30000
   -32.28640	   -45.95870	    17.30000
   -28.07350	   -45.95870	    17.30000
   -23.86060	   -45.95870	    17.30000
   -19.64770	   -45.95870	    11.50000
   -15.43480	   -45.95870	    11.50000
   -11.22180	   -45.95870	    17.30000
    -7.00893	   -45.95870	    17.30000
    -2.79601	   -45.95870	    17.30000
     1.41692	   -45.95870	    17.30000
     5.62984	   -45.95870	    17.30000
     9.84276	   -45.95870	    17.30000
    14.05570	   -45.95870	    17.30000
    18.26860	   -45.95870	    17.30000
    22.48150	   -45.95870	    17.30000
    26.69440	   -45.95870	    17.30000
    30.90740	   -45.95870	    17.30000
    35.12030	   -45.95870	    17.30000
    39.33320	   -45.95870	    17.30000
    43.54610	   -45.95870	    17.30000
    47.75900	   -45.95870	    17.30000
    51.97200	   -45.95870	    17.30000
    56.18490	   -45.95870	    17.30000
    60.39780	   -45.95870	    17.30000
    64.61070	   -45.95870	    17.30000
    68.82360	   -45.95870	    17.30000
    73.03660	   -45.95870	    17.30000
    77.24950	   -45.95870	    17.30000
    81.46240	   -45.95870	    17.30000
    85.67530	   -45.95870	    17.30000
    89.88830	   -45.95870	    17.30000
    94.10120	   -45.95870	    17.30000
    98.31410	   -45.95870	    17.30000
   -32.28640	   -43.15040	    17.30000
   -28.07350	   -43.15040	    17.30000
   -23.86060	   -43.15040	    17.30000
   -19.64770	   -43.15040	    10.10000
   -15.43480	   -43.15040	    13.00000
   -11.22180	   -43.15040	    17.30000
    -7.00893	   -43.15040	    17.30000
    -2.79601	   -43.15040	    17.30000
     1.41692	   -43.15040	    17.30000
     5.62984	   -43.15040	    17.30000
     9.84276	   -43.15040	    17.30000
    14.05570	   -43.15040	    17.30000
    18.26860	   -43.15040	    17.30000
    22.48150	   -43.15040	    17.30000
    26.69440	   -43.15040	    17.30000
    30.90740	   -43.15040	    17.30000
    35.12030	   -43.15040	    17.30000
    39.33320	   -43.15040	    17.30000
    43.54610	   -43.15040	    17.30000
    47.75900	   -43.15040	    17.30000
    51.97200	   -43.15040	    17.30000
    56.18490	   -43.15040	    17.30000
    60.39780	   -43.15040	    17.30000
    64.61070	   -43.15040	    17.30000
    68.82360	   -43.15040	    17.30000
    73.03660	   -43.15040	    17.30000
    77.24950	   -43.15040	    17.30000
    81.46240	   -43.15040	    17.30000
    85.67530	   -43.15040	    17.30000
    89.88830	   -43.15040	    17.30000
    94.10120	   -43.15040	    17.30000
    98.31410	   -43.15040	    17.30000
   -32.28640	   -40.34210	    17.30000
   -28.07350	   -40.34210	    17.30000
   -23.86060	   -40.34210	    17.30000
   -19.64770	   -40.34210	     8.65000
   -15.43480	   -40.34210	    13.70000
   -11.22180	   -40.34210	    17.30000
    -7.00893	   -40.34210	    17.30000
    -2.79601	   -40.34210	    17.30000
     1.41692	   -40.34210	    17.30000
     5.62984	   -40.34210	    17.30000
     9.84276	   -40.34210	    17.30000
    14.05570	   -40.34210	    13.70000
    18.26860	   -40.34210	    17.30000
    22.48150	   -40.34210	    17.30000
    26.69440	   -40.34210	    17.30000
    30.90740	   -40.34210	    17.30000
    35.12030	   -40.34210	    17.30000
    39.33320	   -40.34210	    17.30000
    43.54610	   -40.34210	    17.30000
    47.75900	   -40.34210	    17.30000
    51.97200	   -40.34210	    17.30000
    56.18490	   -40.34210	    17.30000
    60.39780	   -40.34210	    17.30000
    64.61070	   -40.34210	    17.30000
    68.82360	   -40.34210	    17.30000
    73.03660	   -40.34210	    17.30000
    77.24950	   -40.34210	    17.30000
    81.46240	   -40.34210	    17.30000
    85.67530	   -40.34210	    17.30000
    89.88830	   -40.34210	    17.30000
    94.10120	   -40.34210	    17.30000
    98.31410	   -40.34210	    17.30000
   -32.28640	   -37.53380	    17.30000
   -28.07350	   -37.53380	    17.30000
   -23.86060	   -37.53380	    13.00000
   -19.64770	   -37.53380	     9.37000
   -15.43480	   -37.53380	    16.60000
   -11.22180	   -37.53380	    17.30000
    -7.00893	   -37.53380	    17.30000
    -2.79601	   -37.53380	    17.30000
     1.41692	   -37.53380	    17.30000
     5.62984	   -37.53380	    16.60000
     9.84276	   -37.53380	     9.37000
    14.05570	   -37.53380	    10.80000
    18.26860	   -37.53380	    11.50000
    22.48150	   -37.53380	    17.30000
    26.69440	   -37.53380	    17.30000
    30.90740	   -37.53380	    17.30000
    35.12030	   -37.53380	    17.30000
    39.33320	   -37.53380	    17.30000
    43.54610	   -37.53380	    16.60000
    47.75900	   -37.53380	    11.50000
    51.97200	   -37.53380	    16.60000
    56.18490	   -37.53380	    17.30000
    60.39780	   -37.53380	    17.30000
    64.61070	   -37.53380	    17.30000
    68.82360	   -37.53380	    17.30000
    73.03660	   -37.53380	    17.30000
    77.24950	   -37.53380	    17.30000
    81.46240	   -37.53380	    17.30000
    85.67530	   -37.53380	    17.30000
    89.88830	   -37.53380	    17.30000
    94.10120	   -37.53380	    17.30000
    98.31410	   -37.53380	    17.30000
   -32.28640	   -34.72550	    17.30000
   -28.07350	   -34.72550	    17.30000
   -23.86060	   -34.72550	     7.93000
   -19.64770	   -34.72550	    12.20000
   -15.43480	   -34.72550	    11.50000
   -11.22180	   -34.72550	    13.70000
    -7.00893	   -34.72550	    17.30000
    -2.79601	   -34.72550	    16.60000
     1.41692	   -34.72550	    12.20000
     5.62984	   -34.72550	    10.10000
     9.84276	   -34.72550	     7.93000
    14.05570	   -34.72550	     9.37000
    18.26860	   -34.72550	    11.50000
    22.48150	   -34.72550	    17.30000
    26.69440	   -34.72550	    17.30000
    30.90740	   -34.72550	    17.30000
    35.12030	   -34.72550	    17.30000
    39.33320	   -34.72550	    17.30000
    43.54610	   -34.72550	    13.00000
    47.75900	   -34.72550	     8.65000
    51.97200	   -34.72550	    10.80000
    56.18490	   -34.72550	    17.30000
    60.39780	   -34.72550	    17.30000
    64.61070	   -34.72550	    17.30000
    68.82360	   -34.72550	    17.30000
    73.03660	   -34.72550	    17.30000
    77.24950	   -34.72550	    17.30000
    81.46240	   -34.72550	    17.30000
    85.67530	   -34.72550	    17.30000
    89.88830	   -34.72550	    17.30000
    94.10120	   -34.72550	    17.30000
    98.31410	   -34.72550	    17.30000
   -32.28640	   -31.91710	    17.30000
   -28.07350	   -31.91710	    16.60000
   -23.86060	   -31.91710	     7.93000
   -19.64770	   -31.91710	    17.30000
   -15.43480	   -31.91710	     9.37000
   -11.22180	   -31.91710	    10.80000
    -7.00893	   -31.91710	    13.00000
    -2.79601	   -31.91710	    10.80000
     1.41692	   -31.91710	     8.65000
     5.62984	   -31.91710	     7.93000
     9.84276	   -31.91710	     7.21000
    14.05570	   -31.91710	     8.65000
    18.26860	   -31.91710	    12.20000
    22.48150	   -31.91710	    10.80000
    26.69440	   -31.91710	    17.30000
    30.90740	   -31.91710	    17.30000
    35.12030	   -31.91710	    17.30000
    39.33320	   -31.91710	    17.30000
    43.54610	   -31.91710	    16.60000
    47.75900	   -31.91710	     7.21000
    51.97200	   -31.91710	    11.50000
    56.18490	   -31.91710	    17.30000
    60.39780	   -31.91710	    17.30000
    64.61070	   -31.91710	    17.30000
    68.82360	   -31.91710	    17.30000
    73.03660	   -31.91710	    17.30000
    77.24950	   -31.91710	    17.30000
    81.46240	   -31.91710	    17.30000
    85.67530	   -31.91710	    17.30000
    89.88830	   -31.91710	    17.30000
    94.10120	   -31.91710	    17.30000
    98.31410	   -31.91710	    17.30000
   -32.28640	   -29.10880	    17.30000
   -28.07350	   -29.10880	    12.20000
   -23.86060	   -29.10880	     7.93000
   -19.64770	   -29.10880	    10.80000
   -15.43480	   -29.10880	     9.37000
   -11.22180	   -29.10880	    10.80000
    -7.00893	   -29.10880	    13.00000
    -2.79601	   -29.10880	     8.65000
     1.41692	   -29.10880	    13.00000
     5.62984	   -29.10880	     8.65000
     9.84276	   -29.10880	    10.10000
    14.05570	   -29.10880	    13.00000
    18.26860	   -29.10880	    13.00000
    22.48150	   -29.10880	    11.50000
    26.69440	   -29.10880	    17.30000
    30.90740	   -29.10880	    17.30000
    35.12030	   -29.10880	    17.30000
    39.33320	   -29.10880	    17.30000
    43.54610	   -29.10880	    17.30000
    47.75900	   -29.10880	     8.65000
    51.97200	   -29.10880	    10.80000
    56.18490	   -29.10880	    17.30000
    60.39780	   -29.10880	    17.30000
    64.61070	   -29.10880	    17.30000
    68.82360	   -29.10880	    17.30000
    73.03660	   -29.10880	    17.30000
    77.24950	   -29.10880	    17.30000
    81.46240	   -29.10880	    17.30000
    85.67530	   -29.10880	    17.30000
    89.88830	   -29.10880	    17.30000
    94.10120	   -29.10880	    17.30000
    98.31410	   -29.10880	    17.30000
   -32.28640	   -26.30050	    17.30000
   -28.07350	   -26.30050	     9.37000
   -23.86060	   -26.30050	     8.65000
   -19.64770	   -26.30050	    10.80000
   -15.43480	   -26.30050	     9.37000
   -11.22180	   -26.30050	    10.10000
    -7.00893	   -26.30050	    11.50000
    -2.79601	   -26.30050	    11.50000
     1.41692	   -26.30050	    17.30000
     5.62984	   -26.30050	    13.70000
     9.84276	   -26.30050	    10.10000
    14.05570	   -26.30050	    17.30000
    18.26860	   -26.30050	    17.30000
    22.48150	   -26.30050	    10.80000
    26.69440	   -26.30050	    14.40000
    30.90740	   -26.30050	    16.60000
    35.12030	   -26.30050	    16.60000
    39.33320	   -26.30050	    17.30000
    43.54610	   -26.30050	    17.30000
    47.75900	   -26.30050	    10.10000
    51.97200	   -26.30050	    10.10000
    56.18490	   -26.30050	    17.30000
    60.39780	   -26.30050	    17.30000
    64.61070	   -26.30050	    17.30000
    68.82360	   -26.30050	    17.30000
    73.03660	   -26.30050	    17.30000
    77.24950	   -26.30050	    17.30000
    81.46240	   -26.30050	    17.30000
    85.67530	   -26.30050	    17.30000
    89.88830	   -26.30050	    17.30000
    94.10120	   -26.30050	    17.30000
    98.31410	   -26.30050	    17.30000
   -32.28640	   -23.49220	    17.30000
   -28.07350	   -23.49220	     7.93000
   -23.86060	   -23.49220	     9.37000
   -19.64770	   -23.49220	    10.10000
   -15.43480	   -23.49220	    11.50000
   -11.22180	   -23.49220	    17.30000
    -7.00893	   -23.49220	    11.50000
    -2.79601	   -23.49220	    17.30000
     1.41692	   -23.49220	    17.30000
     5.62984	   -23.49220	    16.60000
     9.84276	   -23.49220	    13.00000
    14.05570	   -23.49220	    10.80000
    18.26860	   -23.49220	    12.20000
    22.48150	   -23.49220	    14.40000
    26.69440	   -23.49220	     9.37000
    30.90740	   -23.49220	    11.50000
    35.12030	   -23.49220	    10.80000
    39.33320	   -23.49220	    17.30000
    43.54610	   -23.49220	    17.30000
    47.75900	   -23.49220	    10.80000
    51.97200	   -23.49220	     8.65000
    56.18490	   -23.49220	    17.30000
    60.39780	   -23.49220	    17.30000
    64.61070	   -23.49220	    17.30000
    68.82360	   -23.49220	    17.30000
    73.03660	   -23.49220	    17.30000
    77.24950	   -23.49220	    17.30000
    81.46240	   -23.49220	    17.30000
    85.67530	   -23.49220	    17.30000
    89.88830	   -23.49220	    17.30000
    94.10120	   -23.49220	    17.30000
    98.31410	   -23.49220	    17.30000
   -32.28640	   -20.68390	    17.30000
   -28.07350	   -20.68390	     7.21000
   -23.86060	   -20.68390	    12.20000
   -19.64770	   -20.68390	     9.37000
   -15.43480	   -20.68390	    14.40000
   -11.22180	   -20.68390	    14.40000
    -7.00893	   -20.68390	    10.10000
    -2.79601	   -20.68390	    17.30000
     1.41692	   -20.68390	    17.30000
     5.62984	   -20.68390	    10.80000
     9.84276	   -20.68390	    11.50000
    14.05570	   -20.68390	     7.93000
    18.26860	   -20.68390	     8.65000
    22.48150	   -20.68390	    10.10000
    26.69440	   -20.68390	    11.50000
    30.90740	   -20.68390	     9.37000
    35.12030	   -20.68390	    10.10000
    39.33320	   -20.68390	    17.30000
    43.54610	   -20.68390	    11.50000
    47.75900	   -20.68390	     7.93000
    51.97200	   -20.68390	     9.37000
    56.18490	   -20.68390	    17.30000
    60.39780	   -20.68390	    17.30000
    64.61070	   -20.68390	    17.30000
    68.82360	   -20.68390	    17.30000
    73.03660	   -20.68390	    17.30000
    77.24950	   -20.68390	    17.30000
    81.46240	   -20.68390	    17.30000
    85.67530	   -20.68390	    17.30000
    89.88830	   -20.68390	    17.30000
    94.10120	   -20.68390	    17.30000
    98.31410	   -20.68390	    17.30000
   -32.28640	   -17.87560	    17.30000
   -28.07350	   -17.87560	     6.48000
   -23.86060	   -17.87560	     8.65000
   -19.64770	   -17.87560	     8.65000
   -15.43480	   -17.87560	    16.60000
   -11.22180	   -17.87560	    16.60000
    -7.00893	   -17.87560	    10.10000
    -2.79601	   -17.87560	    14.40000
     1.41692	   -17.87560	    17.30000
     5.62984	   -17.87560	     9.37000
     9.84276	   -17.87560	     9.37000
    14.05570	   -17.87560	    10.80000
    18.26860	   -17.87560	    11.50000
    22.48150	   -17.87560	    10.80000
    26.69440	   -17.87560	    10.10000
    30.90740	   -17.87560	     9.37000
    35.12030	   -17.87560	    10.80000
    39.33320	   -17.87560	    11.50000
    43.54610	   -17.87560	     8.65000
    47.75900	   -17.87560	    10.80000
    51.97200	   -17.87560	     8.65000
    56.18490	   -17.87560	    17.30000
    60.39780	   -17.87560	    17.30000
    64.61070	   -17.87560	    17.30000
    68.82360	   -17.87560	    17.30000
    73.03660	   -17.87560	    17.30000
    77.24950	   -17.87560	    17.30000
    81.46240	   -17.87560	    17.30000
    85.67530	   -17.87560	    17.30000
    89.88830	   -17.87560	    17.30000
    94.10120	   -17.87560	    17.30000
    98.31410	   -17.87560	    17.30000
   -32.28640	   -15.06730	    14.40000
   -28.07350	   -15.06730	     5.76000
   -23.86060	   -15.06730	     7.21000
   -19.64770	   -15.06730	     7.93000
   -15.43480	   -15.06730	    10.80000
   -11.22180	   -15.06730	    13.70000
    -7.00893	   -15.06730	    10.80000
    -2.79601	   -15.06730	    17.30000
     1.41692	   -15.06730	    17.30000
     5.62984	   -15.06730	    10.80000
     9.84276	   -15.06730	     7.93000
    14.05570	   -15.06730	    11.50000
    18.26860	   -15.06730	    16.60000
    22.48150	   -15.06730	    14.40000
    26.69440	   -15.06730	     9.37000
    30.90740	   -15.06730	     7.21000
    35.12030	   -15.06730	     9.37000
    39.33320	   -15.06730	    10.80000
    43.54610	   -15.06730	    10.80000
    47.75900	   -15.06730	     9.37000
    51.97200	   -15.06730	     9.37000
    56.18490	   -15.06730	    10.80000
    60.39780	   -15.06730	    17.30000
    64.61070	   -15.06730	    17.30000
    68.82360	   -15.06730	    17.30000
    73.03660	   -15.06730	    17.30000
    77.24950	   -15.06730	    17.30000
    81.46240	   -15.06730	    17.30000
    85.67530	   -15.06730	    17.30000
    89.88830	   -15.06730	    17.30000
    94.10120	   -15.06730	    17.30000
    98.31410	   -15.06730	    17.30000
   -32.28640	   -12.25900	    10.80000
   -28.07350	   -12.25900	     6.48000
   -23.86060	   -12.25900	     6.48000
   -19.64770	   -12.25900	     6.48000
   -15.43480	   -12.25900	    13.70000
   -11.22180	   -12.25900	    10.10000
    -7.00893	   -12.25900	    13.00000
    -2.79601	   -12.25900	    17.30000
     1.41692	   -12.25900	    17.30000
     5.62984	   -12.25900	    10.80000
     9.84276	   -12.25900	     8.65000
    14.05570	   -12.25900	    10.10000
    18.26860	   -12.25900	    14.40000
    22.48150	   -12.25900	    17.30000
    26.69440	   -12.25900	    17.30000
    30.90740	   -12.25900	     8.65000
    35.12030	   -12.25900	     8.65000
    39.33320	   -12.25900	     9.37000
    43.54610	   -12.25900	    10.10000
    47.75900	   -12.25900	     8.65000
    51.97200	   -12.25900	     8.65000
    56.18490	   -12.25900	     7.93000
    60.39780	   -12.25900	    16.60000
    64.61070	   -12.25900	    17.30000
    68.82360	   -12.25900	    17.30000
    73.03660	   -12.25900	    17.30000
    77.24950	   -12.25900	    17.30000
    81.46240	   -12.25900	    17.30000
    85.67530	   -12.25900	    17.30000
    89.88830	   -12.25900	    17.30000
    94.10120	   -12.25900	    17.30000
    98.31410	   -12.25900	    17.30000
   -32.28640	    -9.45069	    11.50000
   -28.07350	    -9.45069	     5.76000
   -23.86060	    -9.45069	     5.04000
   -19.64770	    -9.45069	     5.76000
   -15.43480	    -9.45069	    11.50000
   -11.22180	    -9.45069	    12.20000
    -7.00893	    -9.45069	    10.10000
    -2.79601	    -9.45069	    16.60000
     1.41692	    -9.45069	    17.30000
     5.62984	    -9.45069	    10.80000
     9.84276	    -9.45069	     9.37000
    14.05570	    -9.45069	    13.00000
    18.26860	    -9.45069	    16.60000
    22.48150	    -9.45069	    17.30000
    26.69440	    -9.45069	    10.10000
    30.90740	    -9.45069	     8.65000
    35.12030	    -9.45069	     8.65000
    39.33320	    -9.45069	    12.20000
    43.54610	    -9.45069	    10.80000
    47.75900	    -9.45069	    11.50000
    51.97200	    -9.45069	     8.65000
    56.18490	    -9.45069	     9.37000
    60.39780	    -9.45069	    13.70000
    64.61070	    -9.45069	    17.30000
    68.82360	    -9.45069	    17.30000
    73.03660	    -9.45069	    17.30000
    77.24950	    -9.45069	    17.30000
    81.46240	    -9.45069	    17.30000
    85.67530	    -9.45069	    17.30000
    89.88830	    -9.45069	    17.30000
    94.10120	    -9.45069	    17.30000
    98.31410	    -9.45069	    17.30000
   -32.28640	    -6.64238	     9.37000
   -28.07350	    -6.64238	     5.04000
   -23.86060	    -6.64238	     3.60000
   -19.64770	    -6.64238	     5.76000
   -15.43480	    -6.64238	    10.80000
   -11.22180	    -6.64238	    11.50000
    -7.00893	    -6.64238	    10.10000
    -2.79601	    -6.64238	    17.30000
     1.41692	    -6.64238	    17.30000
     5.62984	    -6.64238	    17.30000
     9.84276	    -6.64238	    11.50000
    14.05570	    -6.64238	    13.70000
    18.26860	    -6.64238	    13.00000
    22.48150	    -6.64238	    11.50000
    26.69440	    -6.64238	     9.37000
    30.90740	    -6.64238	     8.65000
    35.12030	    -6.64238	    10.80000
    39.33320	    -6.64238	    16.60000
    43.54610	    -6.64238	    10.80000
    47.75900	    -6.64238	    11.50000
    51.97200	    -6.64238	     8.65000
    56.18490	    -6.64238	     8.65000
    60.39780	    -6.64238	     8.65000
    64.61070	    -6.64238	    17.30000
    68.82360	    -6.64238	    17.30000
    73.03660	    -6.64238	    17.30000
    77.24950	    -6.64238	    17.30000
    81.46240	    -6.64238	    17.30000
    85.67530	    -6.64238	    17.30000
    89.88830	    -6.64238	    17.30000
    94.10120	    -6.64238	    17.30000
    98.31410	    -6.64238	    17.30000
   -32.28640	    -3.83407	     8.65000
   -28.07350	    -3.83407	     2.88000
   -23.86060	    -3.83407	     3.60000
   -19.64770	    -3.83407	     7.93000
   -15.43480	    -3.83407	    13.70000
   -11.22180	    -3.83407	    14.40000
    -7.00893	    -3.83407	    10.80000
    -2.79601	    -3.83407	    17.30000
     1.41692	    -3.83407	    17.30000
     5.62984	    -3.83407	    17.30000
     9.84276	    -3.83407	    17.30000
    14.05570	    -3.83407	    17.30000
    18.26860	    -3.83407	    14.40000
    22.48150	    -3.83407	    10.10000
    26.69440	    -3.83407	    13.70000
    30.90740	    -3.83407	     8.65000
    35.12030	    -3.83407	     8.65000
    39.33320	    -3.83407	    10.10000
    43.54610	    -3.83407	    10.10000
    47.75900	    -3.83407	    11.50000
    51.97200	    -3.83407	     8.65000
    56.18490	    -3.83407	     7.21000
    60.39780	    -3.83407	     8.65000
    64.61070	    -3.83407	    17.30000
    68.82360	    -3.83407	    17.30000
    73.03660	    -3.83407	    17.30000
    77.24950	    -3.83407	    17.30000
    81.46240	    -3.83407	    17.30000
    85.67530	    -3.83407	    13.00000
    89.88830	    -3.83407	    17.30000
    94.10120	    -3.83407	    17.30000
    98.31410	    -3.83407	    17.30000
   -32.28640	    -1.02577	     7.93000
   -28.07350	    -1.02577	     2.16000
   -23.86060	    -1.02577	     2.88000
   -19.64770	    -1.02577	     8.65000
   -15.43480	    -1.02577	    13.70000
   -11.22180	    -1.02577	    17.30000
    -7.00893	    -1.02577	    17.30000
    -2.79601	    -1.02577	    17.30000
     1.41692	    -1.02577	    17.30000
     5.62984	    -1.02577	    17.30000
     9.84276	    -1.02577	    17.30000
    14.05570	    -1.02577	    17.30000
    18.26860	    -1.02577	    17.30000
    22.48150	    -1.02577	     9.37000
    26.69440	    -1.02577	     8.65000
    30.90740	    -1.02577	    10.10000
    35.12030	    -1.02577	     7.93000
    39.33320	    -1.02577	     7.21000
    43.54610	    -1.02577	     7.93000
    47.75900	    -1.02577	    10.80000
    51.97200	    -1.02577	    13.00000
    56.18490	    -1.02577	     7.93000
    60.39780	    -1.02577	     7.93000
    64.61070	    -1.02577	    12.20000
    68.82360	    -1.02577	    17.30000
    73.03660	    -1.02577	    17.30000
    77.24950	    -1.02577	    17.30000
    81.46240	    -1.02577	    17.30000
    85.67530	    -1.02577	    11.50000
    89.88830	    -1.02577	    13.00000
    94.10120	    -1.02577	    17.30000
    98.31410	    -1.02577	    17.30000
   -32.28640	     1.78254	     9.37000
   -28.07350	     1.78254	     1.44000
   -23.86060	     1.78254	     3.60000
   -19.64770	     1.78254	    12.20000
   -15.43480	     1.78254	    17.30000
   -11.22180	     1.78254	    17.30000
    -7.00893	     1.78254	    17.30000
    -2.79601	     1.78254	    17.30000
     1.41692	     1.78254	    17.30000
     5.62984	     1.78254	    17.30000
     9.84276	     1.78254	    17.30000
    14.05570	     1.78254	    17.30000
    18.26860	     1.78254	    17.30000
    22.48150	     1.78254	    10.80000
    26.69440	     1.78254	    10.80000
    30.90740	     1.78254	     8.65000
    35.12030	     1.78254	     8.65000
    39.33320	     1.78254	     6.48000
    43.54610	     1.78254	     8.65000
    47.75900	     1.78254	    13.00000
    51.97200	     1.78254	    11.50000
    56.18490	     1.78254	    10.80000
    60.39780	     1.78254	     8.65000
    64.61070	     1.78254	     8.65000
    68.82360	     1.78254	    17.30000
    73.03660	     1.78254	    17.30000
    77.24950	     1.78254	    17.30000
    81.46240	     1.78254	    16.60000
    85.67530	     1.78254	    10.80000
    89.88830	     1.78254	    12.20000
    94.10120	     1.78254	    13.00000
    98.31410	     1.78254	    17.30000
   -32.28640	     4.59085	     7.21000
   -28.07350	     4.59085	     0.72100
   -23.86060	     4.59085	     4.32000
   -19.64770	     4.59085	    17.30000
   -15.43480	     4.59085	    17.30000
   -11.22180	     4.59085	    17.30000
    -7.00893	     4.59085	    17.30000
    -2.79601	     4.59085	    17.30000
     1.41692	     4.59085	    17.30000
     5.62984	     4.59085	    17.30000
     9.84276	     4.59085	    17.30000
    14.05570	     4.59085	    17.30000
    18.26860	     4.59085	    17.30000
    22.48150	     4.59085	    11.50000
    26.69440	     4.59085	     8.65000
    30.90740	     4.59085	     7.21000
    35.12030	     4.59085	    10.80000
    39.33320	     4.59085	    11.50000
    43.54610	     4.59085	    11.50000
    47.75900	     4.59085	    10.80000
    51.97200	     4.59085	    10.10000
    56.18490	     4.59085	    11.50000
    60.39780	     4.59085	    14.40000
    64.61070	     4.59085	     9.37000
    68.82360	     4.59085	    13.70000
    73.03660	     4.59085	    17.30000
    77.24950	     4.59085	    14.40000
    81.46240	     4.59085	    11.50000
    85.67530	     4.59085	    13.70000
    89.88830	     4.59085	    11.50000
    94.10120	     4.59085	    14.40000
    98.31410	     4.59085	    17.30000
   -32.28640	     7.39916	     6.48000
   -28.07350	     7.39916	     0.00000
   -23.86060	     7.39916	     4.32000
   -19.64770	     7.39916	    17.30000
   -15.43480	     7.39916	    17.30000
   -11.22180	     7.39916	    17.30000
    -7.00893	     7.39916	    17.30000
    -2.79601	     7.39916	    17.30000
     1.41692	     7.39916	    17.30000
     5.62984	     7.39916	    17.30000
     9.84276	     7.39916	    17.30000
    14.05570	     7.39916	    17.30000
    18.26860	     7.39916	    17.30000
    22.48150	     7.39916	    14.40000
    26.69440	     7.39916	     8.65000
    30.90740	     7.39916	     8.65000
    35.12030	     7.39916	    14.40000
    39.33320	     7.39916	    17.30000
    43.54610	     7.39916	    17.30000
    47.75900	     7.39916	    17.30000
    51.97200	     7.39916	    13.70000
    56.18490	     7.39916	    13.00000
    60.39780	     7.39916	    16.60000
    64.61070	     7.39916	     9.37000
    68.82360	     7.39916	    10.10000
    73.03660	     7.39916	    11.50000
    77.24950	     7.39916	    10.10000
    81.46240	     7.39916	    10.10000
    85.67530	     7.39916	     7.93000
    89.88830	     7.39916	     7.93000
    94.10120	     7.39916	    17.30000
    98.31410	     7.39916	    17.30000
   -32.28640	    10.20750	     5.76000
   -28.07350	    10.20750	     0.00000
   -23.86060	    10.20750	     5.76000
   -19.64770	    10.20750	    17.30000
   -15.43480	    10.20750	    17.30000
   -11.22180	    10.20750	    17.30000
    -7.00893	    10.20750	    17.30000
    -2.79601	    10.20750	    17.30000
     1.41692	    10.20750	    17.30000
     5.62984	    10.20750	    17.30000
     9.84276	    10.20750	    17.30000
    14.05570	    10.20750	    17.30000
    18.26860	    10.20750	    17.30000
    22.48150	    10.20750	    17.30000
    26.69440	    10.20750	    13.70000
    30.90740	    10.20750	     8.65000
    35.12030	    10.20750	    10.10000
    39.33320	    10.20750	    17.30000
    43.54610	    10.20750	    17.30000
    47.75900	    10.20750	    17.30000
    51.97200	    10.20750	    17.30000
    56.18490	    10.20750	    11.50000
    60.39780	    10.20750	    14.40000
    64.61070	    10.20750	    10.10000
    68.82360	    10.20750	     7.21000
    73.03660	    10.20750	     7.93000
    77.24950	    10.20750	    10.80000
    81.46240	    10.20750	    17.30000
    85.67530	    10.20750	    10.80000
    89.88830	    10.20750	     8.65000
    94.10120	    10.20750	    11.50000
    98.31410	    10.20750	    17.30000
   -32.28640	    13.01580	     6.48000
   -28.07350	    13.01580	     1.44000
   -23.86060	    13.01580	     5.76000
   -19.64770	    13.01580	    17.30000
   -15.43480	    13.01580	    17.30000
   -11.22180	    13.01580	    17.30000
    -7.00893	    13.01580	    17.30000
    -2.79601	    13.01580	    17.30000
     1.41692	    13.01580	    17.30000
     5.62984	    13.01580	    17.30000
     9.84276	    13.01580	    17.30000
    14.05570	    13.01580	    17.30000
    18.26860	    13.01580	    17.30000
    22.48150	    13.01580	    17.30000
    26.69440	    13.01580	    17.30000
    30.90740	    13.01580	    17.30000
    35.12030	    13.01580	    17.30000
    39.33320	    13.01580	    17.30000
    43.54610	    13.01580	    17.30000
    47.75900	    13.01580	    17.30000
    51.97200	    13.01580	    17.30000
    56.18490	    13.01580	    12.20000
    60.39780	    13.01580	    13.00000
    64.61070	    13.01580	    10.10000
    68.82360	    13.01580	     6.48000
    73.03660	    13.01580	     7.21000
    77.24950	    13.01580	    12.20000
    81.46240	    13.01580	    17.30000
    85.67530	    13.01580	    12.20000
    89.88830	    13.01580	    13.00000
    94.10120	    13.01580	    13.00000
    98.31410	    13.01580	    13.00000
   -32.28640	    15.82410	    10.10000
   -28.07350	    15.82410	     3.60000
   -23.86060	    15.82410	     6.48000
   -19.64770	    15.82410	    17.30000
   -15.43480	    15.82410	    17.30000
   -11.22180	    15.82410	    17.30000
    -7.00893	    15.82410	    17.30000
    -2.79601	    15.82410	    17.30000
     1.41692	    15.82410	    17.30000
     5.62984	    15.82410	    17.30000
     9.84276	    15.82410	    17.30000
    14.05570	    15.82410	    17.30000
    18.26860	    15.82410	    17.30000
    22.48150	    15.82410	    17.30000
    26.69440	    15.82410	    17.30000
    30.90740	    15.82410	    17.30000
    35.12030	    15.82410	    17.30000
    39.33320	    15.82410	    17.30000
    43.54610	    15.82410	    17.30000
    47.75900	    15.82410	    17.30000
    51.97200	    15.82410	    17.30000
    56.18490	    15.82410	    10.80000
    60.39780	    15.82410	    13.00000
    64.61070	    15.82410	    10.10000
    68.82360	    15.82410	     7.21000
    73.03660	    15.82410	    10.10000
    77.24950	    15.82410	    12.20000
    81.46240	    15.82410	    10.10000
    85.67530	    15.82410	     9.37000
    89.88830	    15.82410	    10.10000
    94.10120	    15.82410	    10.80000
    98.31410	    15.82410	    11.50000
   -32.28640	    18.63240	    13.70000
   -28.07350	    18.63240	     5.76000
   -23.86060	    18.63240	     7.21000
   -19.64770	    18.63240	    17.30000
   -15.43480	    18.63240	    17.30000
   -11.22180	    18.63240	    17.30000
    -7.00893	    18.63240	    17.30000
    -2.79601	    18.63240	    17.30000
     1.41692	    18.63240	    17.30000
     5.62984	    18.63240	    17.30000
     9.84276	    18.63240	    17.30000
    14.05570	    18.63240	    17.30000
    18.26860	    18.63240	    17.30000
    22.48150	    18.63240	    17.30000
    26.69440	    18.63240	    17.30000
    30.90740	    18.63240	    17.30000
    35.12030	    18.63240	    17.30000
    39.33320	    18.63240	    17.30000
    43.54610	    18.63240	    17.30000
    47.75900	    18.63240	    17.30000
    51.97200	    18.63240	    17.30000
    56.18490	    18.63240	    13.70000
    60.39780	    18.63240	    13.70000
    64.61070	    18.63240	     9.37000
    68.82360	    18.63240	     7.93000
    73.03660	    18.63240	     8.65000
    77.24950	    18.63240	    10.80000
    81.46240	    18.63240	    10.10000
    85.67530	    18.63240	     9.37000
    89.88830	    18.63240	    16.60000
    94.10120	    18.63240	    12.20000
    98.31410	    18.63240	    14.40000
   -32.28640	    21.44070	    17.30000
   -28.07350	    21.44070	    10.10000
   -23.86060	    21.44070	    10.80000
   -19.64770	    21.44070	    17.30000
   -15.43480	    21.44070	    17.30000
   -11.22180	    21.44070	    17.30000
    -7.00893	    21.44070	    17.30000
    -2.79601	    21.44070	    17.30000
     1.41692	    21.44070	    17.30000
     5.62984	    21.44070	    17.30000
     9.84276	    21.44070	    17.30000
    14.05570	    21.44070	    17.30000
    18.26860	    21.44070	    17.30000
    22.48150	    21.44070	    17.30000
    26.69440	    21.44070	    17.30000
    30.90740	    21.44070	    17.30000
    35.12030	    21.44070	    17.30000
    39.33320	    21.44070	    17.30000
    43.54610	    21.44070	    17.30000
    47.75900	    21.44070	    17.30000
    51.97200	    21.44070	    17.30000
    56.18490	    21.44070	    17.30000
    60.39780	    21.44070	    17.30000
    64.61070	    21.44070	    13.00000
    68.82360	    21.44070	     7.93000
    73.03660	    21.44070	    10.10000
    77.24950	    21.44070	    11.50000
    81.46240	    21.44070	    10.10000
    85.67530	    21.44070	    10.10000
    89.88830	    21.44070	    17.30000
    94.10120	    21.44070	    17.30000
    98.31410	    21.44070	    17.30000
   -32.28640	    24.24900	    17.30000
   -28.07350	    24.24900	    17.30000
   -23.86060	    24.24900	    13.00000
   -19.64770	    24.24900	    17.30000
   -15.43480	    24.24900	    17.30000
   -11.22180	    24.24900	    17.30000
    -7.00893	    24.24900	    17.30000
    -2.79601	    24.24900	    17.30000
     1.41692	    24.24900	    17.30000
     5.62984	    24.24900	    17.30000
     9.84276	    24.24900	    17.30000
    14.05570	    24.24900	    17.30000
    18.26860	    24.24900	    17.30000
    22.48150	    24.24900	    17.30000
    26.69440	    24.24900	    17.30000
    30.90740	    24.24900	    17.30000
    35.12030	    24.24900	    17.30000
    39.33320	    24.24900	    17.30000
    43.54610	    24.24900	    17.30000
    47.75900	    24.24900	    17.30000
    51.97200	    24.24900	    17.30000
    56.18490	    24.24900	    17.30000
    60.39780	    24.24900	    17.30000
    64.61070	    24.24900	    11.50000
    68.82360	    24.24900	     8.65000
    73.03660	    24.24900	    10.80000
    77.24950	    24.24900	     7.93000
    81.46240	    24.24900	     9.37000
    85.67530	    24.24900	     7.93000
    89.88830	    24.24900	    10.80000
    94.10120	    24.24900	    17.30000
    98.31410	    24.24900	    17.30000
   -32.28640	    27.05730	    17.30000
   -28.07350	    27.05730	    17.30000
   -23.86060	    27.05730	    17.30000
   -19.64770	    27.05730	    17.30000
   -15.43480	    27.05730	    17.30000
   -11.22180	    27.05730	    17.30000
    -7.00893	    27.05730	    17.30000
    -2.79601	    27.05730	    17.30000
     1.41692	    27.05730	    17.30000
     5.62984	    27.05730	    17.30000
     9.84276	    27.05730	    17.30000
    14.05570	    27.05730	    17.30000
    18.26860	    27.05730	    17.30000
    22.48150	    27.05730	    17.30000
    26.69440	    27.05730	    17.30000
    30.90740	    27.05730	    17.30000
    35.12030	    27.05730	    17.30000
    39.33320	    27.05730	    17.30000
    43.54610	    27.05730	    17.30000
    47.75900	    27.05730	    17.30000
    51.97200	    27.05730	    17.30000
    56.18490	    27.05730	    17.30000
    60.39780	    27.05730	    17.30000
    64.61070	    27.05730	    13.00000
    68.82360	    27.05730	    11.50000
    73.03660	    27.05730	    13.70000
    77.24950	    27.05730	    12.20000
    81.46240	    27.05730	    14.40000
    85.67530	    27.05730	     8.65000
    89.88830	    27.05730	    10.80000
    94.10120	    27.05730	    17.30000
    98.31410	    27.05730	    17.30000
   -32.28640	    29.86560	    17.30000
   -28.07350	    29.86560	    17.30000
   -23.86060	    29.86560	    17.30000
   -19.64770	    29.86560	    17.30000
   -15.43480	    29.86560	    17.30000
   -11.22180	    29.86560	    17.30000
    -7.00893	    29.86560	    17.30000
    -2.79601	    29.86560	    17.30000
     1.41692	    29.86560	    17.30000
     5.62984	    29.86560	    17.30000
     9.84276	    29.86560	    17.30000
    14.05570	    29.86560	    17.30000
    18.26860	    29.86560	    17.30000
    22.48150	    29.86560	    17.30000
    26.69440	    29.86560	    17.30000
    30.90740	    29.86560	    17.30000
    35.12030	    29.86560	    17.30000
    39.33320	    29.86560	    17.30000
    43.54610	    29.86560	    17.30000
    47.75900	    29.86560	    17.30000
    51.97200	    29.86560	    17.30000
    56.18490	    29.86560	    17.30000
    60.39780	    29.86560	    17.30000
    64.61070	    29.86560	    17.30000
    68.82360	    29.86560	    17.30000
    73.03660	    29.86560	    17.30000
    77.24950	    29.86560	    17.30000
    81.46240	    29.86560	    17.30000
    85.67530	    29.86560	    14.40000
    89.88830	    29.86560	    17.30000
    94.10120	    29.86560	    17.30000
    98.31410	    29.86560	    17.30000
