-13.29470	-9.86426	10.80000
-12.44890	-9.86426	10.80000
-11.60310	-9.86426	10.80000
-10.75720	-9.86426	10.80000
-9.91136	-9.86426	10.80000
-9.06551	-9.86426	10.80000
-8.21966	-9.86426	10.80000
-7.37381	-9.86426	10.80000
-6.52796	-9.86426	10.80000
-5.68212	-9.86426	10.80000
-4.83627	-9.86426	10.80000
-3.99042	-9.86426	10.80000
-3.14457	-9.86426	10.80000
-2.29872	-9.86426	10.80000
-1.45288	-9.86426	8.13000
-0.60703	-9.86426	9.94000
0.23882	-9.86426	10.80000
1.08467	-9.86426	10.80000
1.93052	-9.86426	10.80000
2.77636	-9.86426	10.80000
3.62221	-9.86426	10.80000
4.46806	-9.86426	10.80000
5.31391	-9.86426	10.80000
6.15976	-9.86426	10.80000
7.00560	-9.86426	10.80000
7.85145	-9.86426	10.80000
8.69730	-9.86426	10.80000
9.54315	-9.86426	10.80000
10.38900	-9.86426	10.80000
11.23480	-9.86426	10.80000
12.08070	-9.86426	10.80000
12.92650	-9.86426	10.80000
-13.29470	-9.30452	10.80000
-12.44890	-9.30452	10.80000
-11.60310	-9.30452	10.80000
-10.75720	-9.30452	10.80000
-9.91136	-9.30452	10.80000
-9.06551	-9.30452	10.80000
-8.21966	-9.30452	10.80000
-7.37381	-9.30452	10.80000
-6.52796	-9.30452	10.80000
-5.68212	-9.30452	10.80000
-4.83627	-9.30452	10.80000
-3.99042	-9.30452	10.80000
-3.14457	-9.30452	8.13000
-2.29872	-9.30452	8.13000
-1.45288	-9.30452	5.87000
-0.60703	-9.30452	5.42000
0.23882	-9.30452	9.94000
1.08467	-9.30452	10.80000
1.93052	-9.30452	10.80000
2.77636	-9.30452	10.80000
3.62221	-9.30452	10.80000
4.46806	-9.30452	10.80000
5.31391	-9.30452	10.80000
6.15976	-9.30452	10.80000
7.00560	-9.30452	10.80000
7.85145	-9.30452	10.80000
8.69730	-9.30452	10.80000
9.54315	-9.30452	10.80000
10.38900	-9.30452	10.80000
11.23480	-9.30452	10.80000
12.08070	-9.30452	10.80000
12.92650	-9.30452	10.80000
-13.29470	-8.74478	10.80000
-12.44890	-8.74478	10.80000
-11.60310	-8.74478	10.80000
-10.75720	-8.74478	10.80000
-9.91136	-8.74478	10.80000
-9.06551	-8.74478	10.80000
-8.21966	-8.74478	10.80000
-7.37381	-8.74478	10.80000
-6.52796	-8.74478	10.80000
-5.68212	-8.74478	10.80000
-4.83627	-8.74478	10.80000
-3.99042	-8.74478	10.80000
-3.14457	-8.74478	7.23000
-2.29872	-8.74478	3.16000
-1.45288	-8.74478	1.36000
-0.60703	-8.74478	2.26000
0.23882	-8.74478	4.52000
1.08467	-8.74478	10.80000
1.93052	-8.74478	10.80000
2.77636	-8.74478	10.80000
3.62221	-8.74478	10.80000
4.46806	-8.74478	10.80000
5.31391	-8.74478	10.80000
6.15976	-8.74478	10.80000
7.00560	-8.74478	10.80000
7.85145	-8.74478	10.80000
8.69730	-8.74478	10.80000
9.54315	-8.74478	10.80000
10.38900	-8.74478	10.80000
11.23480	-8.74478	10.80000
12.08070	-8.74478	10.80000
12.92650	-8.74478	10.80000
-13.29470	-8.18504	10.80000
-12.44890	-8.18504	10.80000
-11.60310	-8.18504	10.80000
-10.75720	-8.18504	10.80000
-9.91136	-8.18504	10.80000
-9.06551	-8.18504	10.80000
-8.21966	-8.18504	10.80000
-7.37381	-8.18504	10.80000
-6.52796	-8.18504	10.80000
-5.68212	-8.18504	9.94000
-4.83627	-8.18504	10.80000
-3.99042	-8.18504	9.94000
-3.14457	-8.18504	5.87000
-2.29872	-8.18504	2.26000
-1.45288	-8.18504	0.90400
-0.60703	-8.18504	0.90400
0.23882	-8.18504	4.07000
1.08467	-8.18504	8.13000
1.93052	-8.18504	10.80000
2.77636	-8.18504	10.80000
3.62221	-8.18504	10.80000
4.46806	-8.18504	10.80000
5.31391	-8.18504	10.80000
6.15976	-8.18504	10.80000
7.00560	-8.18504	10.80000
7.85145	-8.18504	10.80000
8.69730	-8.18504	10.80000
9.54315	-8.18504	10.80000
10.38900	-8.18504	10.80000
11.23480	-8.18504	10.80000
12.08070	-8.18504	10.80000
12.92650	-8.18504	10.80000
-13.29470	-7.62530	10.80000
-12.44890	-7.62530	10.80000
-11.60310	-7.62530	10.80000
-10.75720	-7.62530	10.80000
-9.91136	-7.62530	10.80000
-9.06551	-7.62530	10.80000
-8.21966	-7.62530	10.80000
-7.37381	-7.62530	9.94000
-6.52796	-7.62530	6.32000
-5.68212	-7.62530	5.87000
-4.83627	-7.62530	5.87000
-3.99042	-7.62530	4.52000
-3.14457	-7.62530	3.61000
-2.29872	-7.62530	3.61000
-1.45288	-7.62530	1.36000
-0.60703	-7.62530	0.90400
0.23882	-7.62530	4.07000
1.08467	-7.62530	9.94000
1.93052	-7.62530	10.80000
2.77636	-7.62530	10.80000
3.62221	-7.62530	10.80000
4.46806	-7.62530	10.80000
5.31391	-7.62530	10.80000
6.15976	-7.62530	10.80000
7.00560	-7.62530	10.80000
7.85145	-7.62530	10.80000
8.69730	-7.62530	10.80000
9.54315	-7.62530	10.80000
10.38900	-7.62530	10.80000
11.23480	-7.62530	10.80000
12.08070	-7.62530	10.80000
12.92650	-7.62530	10.80000
-13.29470	-7.06556	10.80000
-12.44890	-7.06556	10.80000
-11.60310	-7.06556	10.80000
-10.75720	-7.06556	10.80000
-9.91136	-7.06556	10.80000
-9.06551	-7.06556	10.80000
-8.21966	-7.06556	10.80000
-7.37381	-7.06556	9.94000
-6.52796	-7.06556	8.13000
-5.68212	-7.06556	5.87000
-4.83627	-7.06556	2.71000
-3.99042	-7.06556	4.07000
-3.14457	-7.06556	4.52000
-2.29872	-7.06556	4.52000
-1.45288	-7.06556	3.16000
-0.60703	-7.06556	4.07000
0.23882	-7.06556	4.07000
1.08467	-7.06556	5.87000
1.93052	-7.06556	7.23000
2.77636	-7.06556	10.80000
3.62221	-7.06556	10.80000
4.46806	-7.06556	10.80000
5.31391	-7.06556	10.80000
6.15976	-7.06556	10.80000
7.00560	-7.06556	10.80000
7.85145	-7.06556	10.80000
8.69730	-7.06556	10.80000
9.54315	-7.06556	10.80000
10.38900	-7.06556	10.80000
11.23480	-7.06556	10.80000
12.08070	-7.06556	10.80000
12.92650	-7.06556	10.80000
-13.29470	-6.50582	10.80000
-12.44890	-6.50582	10.80000
-11.60310	-6.50582	10.80000
-10.75720	-6.50582	10.80000
-9.91136	-6.50582	10.80000
-9.06551	-6.50582	10.80000
-8.21966	-6.50582	10.80000
-7.37381	-6.50582	7.23000
-6.52796	-6.50582	5.87000
-5.68212	-6.50582	4.97000
-4.83627	-6.50582	2.26000
-3.99042	-6.50582	4.52000
-3.14457	-6.50582	6.32000
-2.29872	-6.50582	7.23000
-1.45288	-6.50582	8.13000
-0.60703	-6.50582	5.42000
0.23882	-6.50582	4.52000
1.08467	-6.50582	7.23000
1.93052	-6.50582	4.52000
2.77636	-6.50582	4.97000
3.62221	-6.50582	9.94000
4.46806	-6.50582	10.80000
5.31391	-6.50582	10.80000
6.15976	-6.50582	10.80000
7.00560	-6.50582	10.80000
7.85145	-6.50582	10.80000
8.69730	-6.50582	10.80000
9.54315	-6.50582	10.80000
10.38900	-6.50582	10.80000
11.23480	-6.50582	10.80000
12.08070	-6.50582	10.80000
12.92650	-6.50582	10.80000
-13.29470	-5.94608	10.80000
-12.44890	-5.94608	10.80000
-11.60310	-5.94608	10.80000
-10.75720	-5.94608	10.80000
-9.91136	-5.94608	10.80000
-9.06551	-5.94608	10.80000
-8.21966	-5.94608	7.23000
-7.37381	-5.94608	5.42000
-6.52796	-5.94608	4.07000
-5.68212	-5.94608	4.52000
-4.83627	-5.94608	9.94000
-3.99042	-5.94608	8.13000
-3.14457	-5.94608	10.80000
-2.29872	-5.94608	10.80000
-1.45288	-5.94608	10.80000
-0.60703	-5.94608	6.32000
0.23882	-5.94608	4.52000
1.08467	-5.94608	8.13000
1.93052	-5.94608	8.13000
2.77636	-5.94608	7.23000
3.62221	-5.94608	10.80000
4.46806	-5.94608	10.80000
5.31391	-5.94608	10.80000
6.15976	-5.94608	10.80000
7.00560	-5.94608	10.80000
7.85145	-5.94608	10.80000
8.69730	-5.94608	10.80000
9.54315	-5.94608	10.80000
10.38900	-5.94608	10.80000
11.23480	-5.94608	10.80000
12.08070	-5.94608	10.80000
12.92650	-5.94608	10.80000
-13.29470	-5.38634	10.80000
-12.44890	-5.38634	10.80000
-11.60310	-5.38634	10.80000
-10.75720	-5.38634	10.80000
-9.91136	-5.38634	10.80000
-9.06551	-5.38634	10.80000
-8.21966	-5.38634	4.97000
-7.37381	-5.38634	1.36000
-6.52796	-5.38634	1.81000
-5.68212	-5.38634	4.07000
-4.83627	-5.38634	6.32000
-3.99042	-5.38634	9.94000
-3.14457	-5.38634	10.80000
-2.29872	-5.38634	10.80000
-1.45288	-5.38634	10.80000
-0.60703	-5.38634	9.94000
0.23882	-5.38634	8.13000
1.08467	-5.38634	8.13000
1.93052	-5.38634	8.13000
2.77636	-5.38634	10.80000
3.62221	-5.38634	8.13000
4.46806	-5.38634	9.94000
5.31391	-5.38634	10.80000
6.15976	-5.38634	10.80000
7.00560	-5.38634	10.80000
7.85145	-5.38634	10.80000
8.69730	-5.38634	10.80000
9.54315	-5.38634	10.80000
10.38900	-5.38634	10.80000
11.23480	-5.38634	10.80000
12.08070	-5.38634	10.80000
12.92650	-5.38634	10.80000
-13.29470	-4.82660	10.80000
-12.44890	-4.82660	10.80000
-11.60310	-4.82660	10.80000
-10.75720	-4.82660	10.80000
-9.91136	-4.82660	10.80000
-9.06551	-4.82660	10.80000
-8.21966	-4.82660	7.23000
-7.37381	-4.82660	3.61000
-6.52796	-4.82660	1.36000
-5.68212	-4.82660	2.71000
-4.83627	-4.82660	9.94000
-3.99042	-4.82660	10.80000
-3.14457	-4.82660	10.80000
-2.29872	-4.82660	10.80000
-1.45288	-4.82660	10.80000
-0.60703	-4.82660	9.94000
0.23882	-4.82660	9.94000
1.08467	-4.82660	10.80000
1.93052	-4.82660	8.13000
2.77636	-4.82660	8.13000
3.62221	-4.82660	8.13000
4.46806	-4.82660	10.80000
5.31391	-4.82660	10.80000
6.15976	-4.82660	10.80000
7.00560	-4.82660	10.80000
7.85145	-4.82660	10.80000
8.69730	-4.82660	10.80000
9.54315	-4.82660	10.80000
10.38900	-4.82660	10.80000
11.23480	-4.82660	10.80000
12.08070	-4.82660	10.80000
12.92650	-4.82660	10.80000
-13.29470	-4.26686	10.80000
-12.44890	-4.26686	10.80000
-11.60310	-4.26686	10.80000
-10.75720	-4.26686	10.80000
-9.91136	-4.26686	10.80000
-9.06551	-4.26686	10.80000
-8.21966	-4.26686	4.97000
-7.37381	-4.26686	3.61000
-6.52796	-4.26686	2.26000
-5.68212	-4.26686	3.16000
-4.83627	-4.26686	9.94000
-3.99042	-4.26686	10.80000
-3.14457	-4.26686	10.80000
-2.29872	-4.26686	10.80000
-1.45288	-4.26686	10.80000
-0.60703	-4.26686	10.80000
0.23882	-4.26686	10.80000
1.08467	-4.26686	10.80000
1.93052	-4.26686	10.80000
2.77636	-4.26686	8.13000
3.62221	-4.26686	9.94000
4.46806	-4.26686	10.80000
5.31391	-4.26686	9.94000
6.15976	-4.26686	10.80000
7.00560	-4.26686	10.80000
7.85145	-4.26686	10.80000
8.69730	-4.26686	10.80000
9.54315	-4.26686	10.80000
10.38900	-4.26686	10.80000
11.23480	-4.26686	10.80000
12.08070	-4.26686	10.80000
12.92650	-4.26686	10.80000
-13.29470	-3.70712	10.80000
-12.44890	-3.70712	10.80000
-11.60310	-3.70712	10.80000
-10.75720	-3.70712	10.80000
-9.91136	-3.70712	10.80000
-9.06551	-3.70712	7.23000
-8.21966	-3.70712	5.42000
-7.37381	-3.70712	5.87000
-6.52796	-3.70712	3.61000
-5.68212	-3.70712	4.07000
-4.83627	-3.70712	10.80000
-3.99042	-3.70712	10.80000
-3.14457	-3.70712	10.80000
-2.29872	-3.70712	10.80000
-1.45288	-3.70712	10.80000
-0.60703	-3.70712	10.80000
0.23882	-3.70712	10.80000
1.08467	-3.70712	10.80000
1.93052	-3.70712	10.80000
2.77636	-3.70712	7.23000
3.62221	-3.70712	9.94000
4.46806	-3.70712	10.80000
5.31391	-3.70712	5.42000
6.15976	-3.70712	6.32000
7.00560	-3.70712	6.32000
7.85145	-3.70712	8.13000
8.69730	-3.70712	10.80000
9.54315	-3.70712	10.80000
10.38900	-3.70712	10.80000
11.23480	-3.70712	10.80000
12.08070	-3.70712	10.80000
12.92650	-3.70712	10.80000
-13.29470	-3.14738	10.80000
-12.44890	-3.14738	10.80000
-11.60310	-3.14738	10.80000
-10.75720	-3.14738	10.80000
-9.91136	-3.14738	9.94000
-9.06551	-3.14738	8.13000
-8.21966	-3.14738	7.23000
-7.37381	-3.14738	5.87000
-6.52796	-3.14738	4.07000
-5.68212	-3.14738	6.32000
-4.83627	-3.14738	9.94000
-3.99042	-3.14738	10.80000
-3.14457	-3.14738	10.80000
-2.29872	-3.14738	10.80000
-1.45288	-3.14738	10.80000
-0.60703	-3.14738	10.80000
0.23882	-3.14738	10.80000
1.08467	-3.14738	10.80000
1.93052	-3.14738	9.94000
2.77636	-3.14738	5.42000
3.62221	-3.14738	5.42000
4.46806	-3.14738	4.52000
5.31391	-3.14738	3.61000
6.15976	-3.14738	3.16000
7.00560	-3.14738	2.71000
7.85145	-3.14738	4.52000
8.69730	-3.14738	4.52000
9.54315	-3.14738	10.80000
10.38900	-3.14738	6.32000
11.23480	-3.14738	9.94000
12.08070	-3.14738	10.80000
12.92650	-3.14738	10.80000
-13.29470	-2.58764	10.80000
-12.44890	-2.58764	10.80000
-11.60310	-2.58764	10.80000
-10.75720	-2.58764	10.80000
-9.91136	-2.58764	8.13000
-9.06551	-2.58764	9.94000
-8.21966	-2.58764	6.32000
-7.37381	-2.58764	6.32000
-6.52796	-2.58764	5.42000
-5.68212	-2.58764	7.23000
-4.83627	-2.58764	9.94000
-3.99042	-2.58764	10.80000
-3.14457	-2.58764	10.80000
-2.29872	-2.58764	10.80000
-1.45288	-2.58764	10.80000
-0.60703	-2.58764	10.80000
0.23882	-2.58764	10.80000
1.08467	-2.58764	10.80000
1.93052	-2.58764	7.23000
2.77636	-2.58764	4.52000
3.62221	-2.58764	4.97000
4.46806	-2.58764	6.32000
5.31391	-2.58764	2.71000
6.15976	-2.58764	1.81000
7.00560	-2.58764	1.81000
7.85145	-2.58764	1.81000
8.69730	-2.58764	2.71000
9.54315	-2.58764	3.16000
10.38900	-2.58764	3.61000
11.23480	-2.58764	4.07000
12.08070	-2.58764	8.13000
12.92650	-2.58764	10.80000
-13.29470	-2.02790	10.80000
-12.44890	-2.02790	10.80000
-11.60310	-2.02790	10.80000
-10.75720	-2.02790	10.80000
-9.91136	-2.02790	8.13000
-9.06551	-2.02790	10.80000
-8.21966	-2.02790	8.13000
-7.37381	-2.02790	4.52000
-6.52796	-2.02790	4.52000
-5.68212	-2.02790	4.07000
-4.83627	-2.02790	5.42000
-3.99042	-2.02790	8.13000
-3.14457	-2.02790	10.80000
-2.29872	-2.02790	10.80000
-1.45288	-2.02790	10.80000
-0.60703	-2.02790	10.80000
0.23882	-2.02790	10.80000
1.08467	-2.02790	10.80000
1.93052	-2.02790	10.80000
2.77636	-2.02790	7.23000
3.62221	-2.02790	9.94000
4.46806	-2.02790	6.32000
5.31391	-2.02790	2.26000
6.15976	-2.02790	3.61000
7.00560	-2.02790	0.90400
7.85145	-2.02790	2.71000
8.69730	-2.02790	2.26000
9.54315	-2.02790	2.26000
10.38900	-2.02790	1.36000
11.23480	-2.02790	2.26000
12.08070	-2.02790	10.80000
12.92650	-2.02790	10.80000
-13.29470	-1.46816	10.80000
-12.44890	-1.46816	10.80000
-11.60310	-1.46816	10.80000
-10.75720	-1.46816	10.80000
-9.91136	-1.46816	10.80000
-9.06551	-1.46816	5.42000
-8.21966	-1.46816	4.97000
-7.37381	-1.46816	3.61000
-6.52796	-1.46816	6.32000
-5.68212	-1.46816	9.94000
-4.83627	-1.46816	5.87000
-3.99042	-1.46816	10.80000
-3.14457	-1.46816	9.94000
-2.29872	-1.46816	10.80000
-1.45288	-1.46816	10.80000
-0.60703	-1.46816	10.80000
0.23882	-1.46816	10.80000
1.08467	-1.46816	10.80000
1.93052	-1.46816	10.80000
2.77636	-1.46816	10.80000
3.62221	-1.46816	9.94000
4.46806	-1.46816	9.94000
5.31391	-1.46816	4.07000
6.15976	-1.46816	3.16000
7.00560	-1.46816	4.52000
7.85145	-1.46816	4.97000
8.69730	-1.46816	4.07000
9.54315	-1.46816	1.81000
10.38900	-1.46816	1.81000
11.23480	-1.46816	2.71000
12.08070	-1.46816	9.94000
12.92650	-1.46816	10.80000
-13.29470	-0.90842	10.80000
-12.44890	-0.90842	10.80000
-11.60310	-0.90842	9.94000
-10.75720	-0.90842	8.13000
-9.91136	-0.90842	5.87000
-9.06551	-0.90842	5.42000
-8.21966	-0.90842	4.52000
-7.37381	-0.90842	3.61000
-6.52796	-0.90842	8.13000
-5.68212	-0.90842	8.13000
-4.83627	-0.90842	7.23000
-3.99042	-0.90842	10.80000
-3.14457	-0.90842	10.80000
-2.29872	-0.90842	10.80000
-1.45288	-0.90842	10.80000
-0.60703	-0.90842	10.80000
0.23882	-0.90842	10.80000
1.08467	-0.90842	10.80000
1.93052	-0.90842	10.80000
2.77636	-0.90842	10.80000
3.62221	-0.90842	10.80000
4.46806	-0.90842	9.94000
5.31391	-0.90842	8.13000
6.15976	-0.90842	5.87000
7.00560	-0.90842	5.42000
7.85145	-0.90842	6.32000
8.69730	-0.90842	3.61000
9.54315	-0.90842	2.26000
10.38900	-0.90842	0.90400
11.23480	-0.90842	3.16000
12.08070	-0.90842	7.23000
12.92650	-0.90842	9.94000
-13.29470	-0.34868	9.94000
-12.44890	-0.34868	7.23000
-11.60310	-0.34868	4.97000
-10.75720	-0.34868	2.26000
-9.91136	-0.34868	4.07000
-9.06551	-0.34868	4.07000
-8.21966	-0.34868	4.52000
-7.37381	-0.34868	6.32000
-6.52796	-0.34868	9.94000
-5.68212	-0.34868	9.94000
-4.83627	-0.34868	10.80000
-3.99042	-0.34868	10.80000
-3.14457	-0.34868	10.80000
-2.29872	-0.34868	10.80000
-1.45288	-0.34868	10.80000
-0.60703	-0.34868	10.80000
0.23882	-0.34868	10.80000
1.08467	-0.34868	10.80000
1.93052	-0.34868	10.80000
2.77636	-0.34868	10.80000
3.62221	-0.34868	10.80000
4.46806	-0.34868	10.80000
5.31391	-0.34868	10.80000
6.15976	-0.34868	10.80000
7.00560	-0.34868	6.32000
7.85145	-0.34868	4.97000
8.69730	-0.34868	2.71000
9.54315	-0.34868	1.81000
10.38900	-0.34868	3.16000
11.23480	-0.34868	4.07000
12.08070	-0.34868	7.23000
12.92650	-0.34868	10.80000
-13.29470	0.21106	9.94000
-12.44890	0.21106	4.97000
-11.60310	0.21106	2.71000
-10.75720	0.21106	1.81000
-9.91136	0.21106	1.81000
-9.06551	0.21106	2.26000
-8.21966	0.21106	5.42000
-7.37381	0.21106	8.13000
-6.52796	0.21106	10.80000
-5.68212	0.21106	10.80000
-4.83627	0.21106	10.80000
-3.99042	0.21106	10.80000
-3.14457	0.21106	10.80000
-2.29872	0.21106	10.80000
-1.45288	0.21106	10.80000
-0.60703	0.21106	10.80000
0.23882	0.21106	10.80000
1.08467	0.21106	10.80000
1.93052	0.21106	10.80000
2.77636	0.21106	10.80000
3.62221	0.21106	10.80000
4.46806	0.21106	10.80000
5.31391	0.21106	10.80000
6.15976	0.21106	10.80000
7.00560	0.21106	9.94000
7.85145	0.21106	4.52000
8.69730	0.21106	3.16000
9.54315	0.21106	2.71000
10.38900	0.21106	4.52000
11.23480	0.21106	7.23000
12.08070	0.21106	7.23000
12.92650	0.21106	9.94000
-13.29470	0.77080	10.80000
-12.44890	0.77080	8.13000
-11.60310	0.77080	6.32000
-10.75720	0.77080	1.36000
-9.91136	0.77080	1.36000
-9.06551	0.77080	2.26000
-8.21966	0.77080	5.87000
-7.37381	0.77080	4.97000
-6.52796	0.77080	7.23000
-5.68212	0.77080	8.13000
-4.83627	0.77080	10.80000
-3.99042	0.77080	10.80000
-3.14457	0.77080	10.80000
-2.29872	0.77080	10.80000
-1.45288	0.77080	10.80000
-0.60703	0.77080	10.80000
0.23882	0.77080	10.80000
1.08467	0.77080	10.80000
1.93052	0.77080	10.80000
2.77636	0.77080	10.80000
3.62221	0.77080	10.80000
4.46806	0.77080	10.80000
5.31391	0.77080	10.80000
6.15976	0.77080	10.80000
7.00560	0.77080	8.13000
7.85145	0.77080	2.71000
8.69730	0.77080	1.36000
9.54315	0.77080	3.16000
10.38900	0.77080	8.13000
11.23480	0.77080	10.80000
12.08070	0.77080	7.23000
12.92650	0.77080	10.80000
-13.29470	1.33054	10.80000
-12.44890	1.33054	10.80000
-11.60310	1.33054	6.32000
-10.75720	1.33054	3.16000
-9.91136	1.33054	3.16000
-9.06551	1.33054	3.61000
-8.21966	1.33054	3.61000
-7.37381	1.33054	3.16000
-6.52796	1.33054	2.71000
-5.68212	1.33054	8.13000
-4.83627	1.33054	10.80000
-3.99042	1.33054	10.80000
-3.14457	1.33054	10.80000
-2.29872	1.33054	10.80000
-1.45288	1.33054	10.80000
-0.60703	1.33054	10.80000
0.23882	1.33054	10.80000
1.08467	1.33054	10.80000
1.93052	1.33054	10.80000
2.77636	1.33054	10.80000
3.62221	1.33054	10.80000
4.46806	1.33054	10.80000
5.31391	1.33054	10.80000
6.15976	1.33054	10.80000
7.00560	1.33054	10.80000
7.85145	1.33054	4.07000
8.69730	1.33054	1.36000
9.54315	1.33054	1.81000
10.38900	1.33054	3.16000
11.23480	1.33054	9.94000
12.08070	1.33054	10.80000
12.92650	1.33054	10.80000
-13.29470	1.89028	10.80000
-12.44890	1.89028	10.80000
-11.60310	1.89028	9.94000
-10.75720	1.89028	4.52000
-9.91136	1.89028	2.26000
-9.06551	1.89028	1.81000
-8.21966	1.89028	1.36000
-7.37381	1.89028	1.36000
-6.52796	1.89028	4.52000
-5.68212	1.89028	8.13000
-4.83627	1.89028	10.80000
-3.99042	1.89028	10.80000
-3.14457	1.89028	10.80000
-2.29872	1.89028	10.80000
-1.45288	1.89028	10.80000
-0.60703	1.89028	10.80000
0.23882	1.89028	10.80000
1.08467	1.89028	10.80000
1.93052	1.89028	10.80000
2.77636	1.89028	10.80000
3.62221	1.89028	10.80000
4.46806	1.89028	10.80000
5.31391	1.89028	10.80000
6.15976	1.89028	10.80000
7.00560	1.89028	9.94000
7.85145	1.89028	4.52000
8.69730	1.89028	3.16000
9.54315	1.89028	2.26000
10.38900	1.89028	3.16000
11.23480	1.89028	4.07000
12.08070	1.89028	10.80000
12.92650	1.89028	10.80000
-13.29470	2.45002	10.80000
-12.44890	2.45002	10.80000
-11.60310	2.45002	10.80000
-10.75720	2.45002	4.52000
-9.91136	2.45002	1.36000
-9.06551	2.45002	0.00000
-8.21966	2.45002	0.45200
-7.37381	2.45002	2.71000
-6.52796	2.45002	4.97000
-5.68212	2.45002	8.13000
-4.83627	2.45002	10.80000
-3.99042	2.45002	10.80000
-3.14457	2.45002	10.80000
-2.29872	2.45002	10.80000
-1.45288	2.45002	10.80000
-0.60703	2.45002	10.80000
0.23882	2.45002	10.80000
1.08467	2.45002	10.80000
1.93052	2.45002	10.80000
2.77636	2.45002	10.80000
3.62221	2.45002	10.80000
4.46806	2.45002	10.80000
5.31391	2.45002	10.80000
6.15976	2.45002	10.80000
7.00560	2.45002	9.94000
7.85145	2.45002	7.23000
8.69730	2.45002	2.26000
9.54315	2.45002	1.81000
10.38900	2.45002	2.71000
11.23480	2.45002	3.61000
12.08070	2.45002	10.80000
12.92650	2.45002	10.80000
-13.29470	3.00976	10.80000
-12.44890	3.00976	10.80000
-11.60310	3.00976	10.80000
-10.75720	3.00976	5.87000
-9.91136	3.00976	1.36000
-9.06551	3.00976	0.45200
-8.21966	3.00976	0.45200
-7.37381	3.00976	1.36000
-6.52796	3.00976	4.97000
-5.68212	3.00976	4.52000
-4.83627	3.00976	9.94000
-3.99042	3.00976	10.80000
-3.14457	3.00976	10.80000
-2.29872	3.00976	10.80000
-1.45288	3.00976	10.80000
-0.60703	3.00976	10.80000
0.23882	3.00976	10.80000
1.08467	3.00976	10.80000
1.93052	3.00976	10.80000
2.77636	3.00976	10.80000
3.62221	3.00976	10.80000
4.46806	3.00976	10.80000
5.31391	3.00976	10.80000
6.15976	3.00976	10.80000
7.00560	3.00976	10.80000
7.85145	3.00976	10.80000
8.69730	3.00976	4.07000
9.54315	3.00976	2.26000
10.38900	3.00976	2.26000
11.23480	3.00976	3.61000
12.08070	3.00976	6.32000
12.92650	3.00976	9.94000
-13.29470	3.56950	10.80000
-12.44890	3.56950	10.80000
-11.60310	3.56950	10.80000
-10.75720	3.56950	10.80000
-9.91136	3.56950	5.42000
-9.06551	3.56950	2.26000
-8.21966	3.56950	1.36000
-7.37381	3.56950	1.81000
-6.52796	3.56950	0.90400
-5.68212	3.56950	1.81000
-4.83627	3.56950	4.52000
-3.99042	3.56950	4.52000
-3.14457	3.56950	8.13000
-2.29872	3.56950	10.80000
-1.45288	3.56950	10.80000
-0.60703	3.56950	10.80000
0.23882	3.56950	10.80000
1.08467	3.56950	10.80000
1.93052	3.56950	10.80000
2.77636	3.56950	10.80000
3.62221	3.56950	10.80000
4.46806	3.56950	10.80000
5.31391	3.56950	10.80000
6.15976	3.56950	10.80000
7.00560	3.56950	10.80000
7.85145	3.56950	8.13000
8.69730	3.56950	8.13000
9.54315	3.56950	4.07000
10.38900	3.56950	4.07000
11.23480	3.56950	3.61000
12.08070	3.56950	5.42000
12.92650	3.56950	10.80000
-13.29470	4.12924	10.80000
-12.44890	4.12924	10.80000
-11.60310	4.12924	10.80000
-10.75720	4.12924	10.80000
-9.91136	4.12924	8.13000
-9.06551	4.12924	6.32000
-8.21966	4.12924	3.61000
-7.37381	4.12924	1.81000
-6.52796	4.12924	0.45200
-5.68212	4.12924	0.45200
-4.83627	4.12924	0.45200
-3.99042	4.12924	2.26000
-3.14457	4.12924	2.71000
-2.29872	4.12924	9.94000
-1.45288	4.12924	10.80000
-0.60703	4.12924	10.80000
0.23882	4.12924	10.80000
1.08467	4.12924	10.80000
1.93052	4.12924	10.80000
2.77636	4.12924	10.80000
3.62221	4.12924	10.80000
4.46806	4.12924	10.80000
5.31391	4.12924	10.80000
6.15976	4.12924	10.80000
7.00560	4.12924	8.13000
7.85145	4.12924	7.23000
8.69730	4.12924	10.80000
9.54315	4.12924	4.97000
10.38900	4.12924	2.26000
11.23480	4.12924	2.71000
12.08070	4.12924	4.97000
12.92650	4.12924	9.94000
-13.29470	4.68898	10.80000
-12.44890	4.68898	10.80000
-11.60310	4.68898	10.80000
-10.75720	4.68898	10.80000
-9.91136	4.68898	10.80000
-9.06551	4.68898	8.13000
-8.21966	4.68898	5.87000
-7.37381	4.68898	2.71000
-6.52796	4.68898	1.81000
-5.68212	4.68898	0.90400
-4.83627	4.68898	0.90400
-3.99042	4.68898	2.26000
-3.14457	4.68898	3.61000
-2.29872	4.68898	5.42000
-1.45288	4.68898	9.94000
-0.60703	4.68898	10.80000
0.23882	4.68898	10.80000
1.08467	4.68898	10.80000
1.93052	4.68898	10.80000
2.77636	4.68898	10.80000
3.62221	4.68898	10.80000
4.46806	4.68898	10.80000
5.31391	4.68898	10.80000
6.15976	4.68898	10.80000
7.00560	4.68898	10.80000
7.85145	4.68898	9.94000
8.69730	4.68898	4.97000
9.54315	4.68898	4.07000
10.38900	4.68898	2.26000
11.23480	4.68898	3.16000
12.08070	4.68898	8.13000
12.92650	4.68898	10.80000
-13.29470	5.24872	10.80000
-12.44890	5.24872	10.80000
-11.60310	5.24872	10.80000
-10.75720	5.24872	10.80000
-9.91136	5.24872	10.80000
-9.06551	5.24872	10.80000
-8.21966	5.24872	10.80000
-7.37381	5.24872	8.13000
-6.52796	5.24872	4.07000
-5.68212	5.24872	3.61000
-4.83627	5.24872	2.26000
-3.99042	5.24872	3.16000
-3.14457	5.24872	6.32000
-2.29872	5.24872	8.13000
-1.45288	5.24872	10.80000
-0.60703	5.24872	10.80000
0.23882	5.24872	10.80000
1.08467	5.24872	10.80000
1.93052	5.24872	10.80000
2.77636	5.24872	10.80000
3.62221	5.24872	10.80000
4.46806	5.24872	10.80000
5.31391	5.24872	10.80000
6.15976	5.24872	10.80000
7.00560	5.24872	5.87000
7.85145	5.24872	5.87000
8.69730	5.24872	4.52000
9.54315	5.24872	2.71000
10.38900	5.24872	3.16000
11.23480	5.24872	5.42000
12.08070	5.24872	10.80000
12.92650	5.24872	10.80000
-13.29470	5.80846	10.80000
-12.44890	5.80846	10.80000
-11.60310	5.80846	10.80000
-10.75720	5.80846	10.80000
-9.91136	5.80846	10.80000
-9.06551	5.80846	10.80000
-8.21966	5.80846	10.80000
-7.37381	5.80846	10.80000
-6.52796	5.80846	6.32000
-5.68212	5.80846	7.23000
-4.83627	5.80846	4.97000
-3.99042	5.80846	8.13000
-3.14457	5.80846	10.80000
-2.29872	5.80846	10.80000
-1.45288	5.80846	10.80000
-0.60703	5.80846	10.80000
0.23882	5.80846	10.80000
1.08467	5.80846	10.80000
1.93052	5.80846	10.80000
2.77636	5.80846	10.80000
3.62221	5.80846	10.80000
4.46806	5.80846	10.80000
5.31391	5.80846	10.80000
6.15976	5.80846	9.94000
7.00560	5.80846	7.23000
7.85145	5.80846	4.07000
8.69730	5.80846	5.42000
9.54315	5.80846	4.07000
10.38900	5.80846	4.07000
11.23480	5.80846	10.80000
12.08070	5.80846	10.80000
12.92650	5.80846	10.80000
-13.29470	6.36820	10.80000
-12.44890	6.36820	10.80000
-11.60310	6.36820	10.80000
-10.75720	6.36820	10.80000
-9.91136	6.36820	10.80000
-9.06551	6.36820	10.80000
-8.21966	6.36820	10.80000
-7.37381	6.36820	10.80000
-6.52796	6.36820	10.80000
-5.68212	6.36820	10.80000
-4.83627	6.36820	10.80000
-3.99042	6.36820	10.80000
-3.14457	6.36820	10.80000
-2.29872	6.36820	10.80000
-1.45288	6.36820	10.80000
-0.60703	6.36820	10.80000
0.23882	6.36820	10.80000
1.08467	6.36820	10.80000
1.93052	6.36820	10.80000
2.77636	6.36820	10.80000
3.62221	6.36820	10.80000
4.46806	6.36820	10.80000
5.31391	6.36820	9.94000
6.15976	6.36820	10.80000
7.00560	6.36820	7.23000
7.85145	6.36820	6.32000
8.69730	6.36820	7.23000
9.54315	6.36820	4.52000
10.38900	6.36820	3.61000
11.23480	6.36820	7.23000
12.08070	6.36820	9.94000
12.92650	6.36820	10.80000
-13.29470	6.92794	10.80000
-12.44890	6.92794	10.80000
-11.60310	6.92794	10.80000
-10.75720	6.92794	10.80000
-9.91136	6.92794	10.80000
-9.06551	6.92794	10.80000
-8.21966	6.92794	10.80000
-7.37381	6.92794	10.80000
-6.52796	6.92794	10.80000
-5.68212	6.92794	10.80000
-4.83627	6.92794	10.80000
-3.99042	6.92794	10.80000
-3.14457	6.92794	10.80000
-2.29872	6.92794	10.80000
-1.45288	6.92794	10.80000
-0.60703	6.92794	10.80000
0.23882	6.92794	10.80000
1.08467	6.92794	10.80000
1.93052	6.92794	10.80000
2.77636	6.92794	10.80000
3.62221	6.92794	10.80000
4.46806	6.92794	10.80000
5.31391	6.92794	10.80000
6.15976	6.92794	10.80000
7.00560	6.92794	10.80000
7.85145	6.92794	9.94000
8.69730	6.92794	10.80000
9.54315	6.92794	10.80000
10.38900	6.92794	10.80000
11.23480	6.92794	10.80000
12.08070	6.92794	10.80000
12.92650	6.92794	10.80000
-13.29470	7.48768	10.80000
-12.44890	7.48768	10.80000
-11.60310	7.48768	10.80000
-10.75720	7.48768	10.80000
-9.91136	7.48768	10.80000
-9.06551	7.48768	10.80000
-8.21966	7.48768	10.80000
-7.37381	7.48768	10.80000
-6.52796	7.48768	10.80000
-5.68212	7.48768	10.80000
-4.83627	7.48768	10.80000
-3.99042	7.48768	10.80000
-3.14457	7.48768	10.80000
-2.29872	7.48768	10.80000
-1.45288	7.48768	10.80000
-0.60703	7.48768	10.80000
0.23882	7.48768	10.80000
1.08467	7.48768	10.80000
1.93052	7.48768	10.80000
2.77636	7.48768	10.80000
3.62221	7.48768	10.80000
4.46806	7.48768	10.80000
5.31391	7.48768	10.80000
6.15976	7.48768	10.80000
7.00560	7.48768	10.80000
7.85145	7.48768	10.80000
8.69730	7.48768	10.80000
9.54315	7.48768	10.80000
10.38900	7.48768	9.94000
11.23480	7.48768	10.80000
12.08070	7.48768	10.80000
12.92650	7.48768	10.80000
