Run semi-empirical minimization
 &qmmm
    qm_theory='AM1', grms_tol=0.0005,
 scfconv=1.d-10, ndiis_attempts=700,   qmcharge=0,
 /
   6     C       -6.3180       19.7970       -1.8560 
   6    C1       -6.6420       20.4890       -3.1720 
   8     O       -7.3410       20.0760       -0.8890 
   6    C2       -7.6400       18.8710       -0.2100 
   6    C3       -9.1430       18.7330        0.0830 
   6    C4       -9.7240       19.6100        1.1910 
   6    C5      -11.0040       18.8560        1.5590 
   6    C6      -10.5880       17.3900        1.4730 
   7     N       -9.5080       17.3820        0.5060 
   6    C7       -8.8370       16.2370        0.1240 
   8    O1       -9.2220       15.1270        0.4930 
   6    C8       -7.5540       16.4200       -0.7520 
   7    N1       -7.2600       17.8190       -1.0820 
   6    C9       -6.3810       18.2730       -2.0270 
   8    O2       -5.7180       17.5980       -2.7970 
   6   C10       -4.5730       21.4480       -1.2100 
   8    O3       -5.2650       22.4290       -1.4680 
   7    N2       -5.0230       20.1540       -1.3170 
   1     H       -4.3410       19.4040       -1.2610 
   6   C11       -0.8930       22.8070        0.9590 
   7    N3       -1.8660       21.8440        1.4780 
   6   C12       -3.1660       21.9850        0.7940 
   6   C13       -3.1360       21.6000       -0.6980 
   6   C14       -2.3480       20.3360       -0.9520 
   6   C15       -1.5990       19.7580        0.0080 
   6   C16       -0.9620       18.4340       -0.2060 
   6   C17       -1.2420       17.4850       -1.2000 
   6   C18       -0.5770       16.2500       -1.2230 
   6   C19        0.3830       15.9090       -0.2600 
   6   C20        0.6500       16.8610        0.7270 
   7    N4        1.5080       16.8540        1.8050 
   6   C21        1.4260       18.0480        2.4900 
   6   C22        0.4960       18.8300        1.8450 
   6   C23        0.0040       18.0860        0.7490 
   6   C24        0.0080       20.2170        2.0670 
   6   C25       -1.4100       20.4210        1.4110 
   1    H1        2.1170       16.0860        2.0500 
   8    O4       -6.8300       18.7760        0.9380 
   1    H2       -7.3880       18.3320        1.5960 
   6   C26       -6.3550       15.7530       -0.0410 
   6   C27       -5.6700       14.7130       -0.8990 
   6   C28       -6.3750       13.5850       -1.3390 
   6   C29       -5.7440       12.6150       -2.1180 
   6   C30       -4.4020       12.7610       -2.4620 
   6   C31       -3.6900       13.8760       -2.0230 
   6   C32       -4.3190       14.8470       -1.2440 
   1    H3       -5.8740       20.2750       -3.8860 
   1    H4       -6.6990       21.5460       -3.0150 
   1    H5       -7.5810       20.1330       -3.5410 
   1    H6       -9.5420       19.0320       -0.8640 
   1    H7       -9.9420       20.5940        0.8330 
   1    H8       -9.0590       19.7580        2.0160 
   1    H9      -11.7890       19.0730        0.8650 
   1   H10      -11.3860       19.1260        2.5210 
   1   H11      -11.4030       16.7840        1.1370 
   1   H12      -10.2920       16.9920        2.4210 
   1   H13       -7.7380       15.9420       -1.6910 
   1   H14       -1.2920       23.7970        1.0420 
   1   H15       -0.6890       22.5890       -0.0690 
   1   H16        0.0130       22.7390        1.5250 
   1   H17       -3.4780       23.0060        0.8720 
   1   H18       -3.8430       21.3090        1.2740 
   1   H19       -2.6390       22.3840       -1.2300 
   1   H20       -2.3840       19.9030       -1.8880 
   1   H21       -1.9460       17.6980       -1.9240 
   1   H22       -0.8010       15.5740       -1.9700 
   1   H23        0.8690       14.9990       -0.2790 
   1   H24        1.9640       18.3070        3.3320 
   1   H25        0.7000       20.9070        1.6300 
   1   H26       -0.0730       20.3890        3.1200 
   1   H27       -2.0800       19.8590        2.0280 
   1   H28       -6.7070       15.2810        0.8530 
   1   H29       -5.6390       16.5190        0.1700 
   1   H30       -7.3690       13.4710       -1.0850 
   1   H31       -6.2720       11.7890       -2.4400 
   1   H32       -3.9360       12.0450       -3.0410 
   1   H33       -2.6950       13.9830       -2.2750 
   1   H34       -3.7860       15.6690       -0.9200 

