   -89.85440	   -44.61640	    18.00000
   -85.90050	   -44.61640	    18.00000
   -81.94660	   -44.61640	    18.00000
   -77.99260	   -44.61640	    18.00000
   -74.03870	   -44.61640	    18.00000
   -70.08480	   -44.61640	    18.00000
   -66.13090	   -44.61640	    18.00000
   -62.17690	   -44.61640	    18.00000
   -58.22300	   -44.61640	    18.00000
   -54.26910	   -44.61640	    18.00000
   -50.31520	   -44.61640	    18.00000
   -46.36120	   -44.61640	    14.20000
   -42.40730	   -44.61640	    18.00000
   -38.45340	   -44.61640	    18.00000
   -34.49950	   -44.61640	    18.00000
   -30.54560	   -44.61640	    18.00000
   -26.59160	   -44.61640	    18.00000
   -22.63770	   -44.61640	    18.00000
   -18.68380	   -44.61640	    18.00000
   -14.72990	   -44.61640	    18.00000
   -10.77590	   -44.61640	    18.00000
    -6.82201	   -44.61640	    18.00000
    -2.86808	   -44.61640	    18.00000
     1.08584	   -44.61640	    18.00000
     5.03976	   -44.61640	    18.00000
     8.99369	   -44.61640	    18.00000
    12.94760	   -44.61640	    18.00000
    16.90150	   -44.61640	    18.00000
    20.85550	   -44.61640	    18.00000
    24.80940	   -44.61640	    18.00000
    28.76330	   -44.61640	    18.00000
    32.71720	   -44.61640	    18.00000
   -89.85440	   -41.94520	    18.00000
   -85.90050	   -41.94520	    18.00000
   -81.94660	   -41.94520	    18.00000
   -77.99260	   -41.94520	    18.00000
   -74.03870	   -41.94520	    18.00000
   -70.08480	   -41.94520	    18.00000
   -66.13090	   -41.94520	    18.00000
   -62.17690	   -41.94520	    18.00000
   -58.22300	   -41.94520	    18.00000
   -54.26910	   -41.94520	    18.00000
   -50.31520	   -41.94520	    10.50000
   -46.36120	   -41.94520	     8.99000
   -42.40730	   -41.94520	    17.20000
   -38.45340	   -41.94520	    18.00000
   -34.49950	   -41.94520	    18.00000
   -30.54560	   -41.94520	    18.00000
   -26.59160	   -41.94520	    18.00000
   -22.63770	   -41.94520	    18.00000
   -18.68380	   -41.94520	    18.00000
   -14.72990	   -41.94520	    18.00000
   -10.77590	   -41.94520	    18.00000
    -6.82201	   -41.94520	    18.00000
    -2.86808	   -41.94520	    18.00000
     1.08584	   -41.94520	    18.00000
     5.03976	   -41.94520	    18.00000
     8.99369	   -41.94520	    18.00000
    12.94760	   -41.94520	    18.00000
    16.90150	   -41.94520	    18.00000
    20.85550	   -41.94520	    18.00000
    24.80940	   -41.94520	    18.00000
    28.76330	   -41.94520	    18.00000
    32.71720	   -41.94520	    18.00000
   -89.85440	   -39.27400	    18.00000
   -85.90050	   -39.27400	    18.00000
   -81.94660	   -39.27400	    18.00000
   -77.99260	   -39.27400	    18.00000
   -74.03870	   -39.27400	    18.00000
   -70.08480	   -39.27400	    18.00000
   -66.13090	   -39.27400	    18.00000
   -62.17690	   -39.27400	    18.00000
   -58.22300	   -39.27400	    18.00000
   -54.26910	   -39.27400	    18.00000
   -50.31520	   -39.27400	     9.73000
   -46.36120	   -39.27400	     7.49000
   -42.40730	   -39.27400	     9.73000
   -38.45340	   -39.27400	    12.70000
   -34.49950	   -39.27400	    17.20000
   -30.54560	   -39.27400	    17.20000
   -26.59160	   -39.27400	    18.00000
   -22.63770	   -39.27400	    18.00000
   -18.68380	   -39.27400	    18.00000
   -14.72990	   -39.27400	    18.00000
   -10.77590	   -39.27400	    18.00000
    -6.82201	   -39.27400	    18.00000
    -2.86808	   -39.27400	    18.00000
     1.08584	   -39.27400	    18.00000
     5.03976	   -39.27400	    18.00000
     8.99369	   -39.27400	    18.00000
    12.94760	   -39.27400	    18.00000
    16.90150	   -39.27400	    18.00000
    20.85550	   -39.27400	    18.00000
    24.80940	   -39.27400	    18.00000
    28.76330	   -39.27400	    18.00000
    32.71720	   -39.27400	    18.00000
   -89.85440	   -36.60280	    18.00000
   -85.90050	   -36.60280	    18.00000
   -81.94660	   -36.60280	    18.00000
   -77.99260	   -36.60280	    18.00000
   -74.03870	   -36.60280	    18.00000
   -70.08480	   -36.60280	    18.00000
   -66.13090	   -36.60280	    18.00000
   -62.17690	   -36.60280	    18.00000
   -58.22300	   -36.60280	    12.70000
   -54.26910	   -36.60280	    10.50000
   -50.31520	   -36.60280	     8.99000
   -46.36120	   -36.60280	    12.70000
   -42.40730	   -36.60280	    17.20000
   -38.45340	   -36.60280	    17.20000
   -34.49950	   -36.60280	    11.20000
   -30.54560	   -36.60280	     8.99000
   -26.59160	   -36.60280	    12.70000
   -22.63770	   -36.60280	    18.00000
   -18.68380	   -36.60280	    18.00000
   -14.72990	   -36.60280	    18.00000
   -10.77590	   -36.60280	    18.00000
    -6.82201	   -36.60280	    18.00000
    -2.86808	   -36.60280	    18.00000
     1.08584	   -36.60280	    18.00000
     5.03976	   -36.60280	    18.00000
     8.99369	   -36.60280	    18.00000
    12.94760	   -36.60280	    18.00000
    16.90150	   -36.60280	    18.00000
    20.85550	   -36.60280	    18.00000
    24.80940	   -36.60280	    18.00000
    28.76330	   -36.60280	    18.00000
    32.71720	   -36.60280	    18.00000
   -89.85440	   -33.93160	    18.00000
   -85.90050	   -33.93160	    18.00000
   -81.94660	   -33.93160	    18.00000
   -77.99260	   -33.93160	    18.00000
   -74.03870	   -33.93160	    18.00000
   -70.08480	   -33.93160	    18.00000
   -66.13090	   -33.93160	    18.00000
   -62.17690	   -33.93160	    17.20000
   -58.22300	   -33.93160	    10.50000
   -54.26910	   -33.93160	    11.20000
   -50.31520	   -33.93160	    12.70000
   -46.36120	   -33.93160	    18.00000
   -42.40730	   -33.93160	    18.00000
   -38.45340	   -33.93160	    11.20000
   -34.49950	   -33.93160	     7.49000
   -30.54560	   -33.93160	     8.99000
   -26.59160	   -33.93160	    10.50000
   -22.63770	   -33.93160	    18.00000
   -18.68380	   -33.93160	    18.00000
   -14.72990	   -33.93160	    18.00000
   -10.77590	   -33.93160	    18.00000
    -6.82201	   -33.93160	    18.00000
    -2.86808	   -33.93160	    18.00000
     1.08584	   -33.93160	    18.00000
     5.03976	   -33.93160	    18.00000
     8.99369	   -33.93160	    18.00000
    12.94760	   -33.93160	    18.00000
    16.90150	   -33.93160	    18.00000
    20.85550	   -33.93160	    18.00000
    24.80940	   -33.93160	    18.00000
    28.76330	   -33.93160	    18.00000
    32.71720	   -33.93160	    18.00000
   -89.85440	   -31.26040	    18.00000
   -85.90050	   -31.26040	    18.00000
   -81.94660	   -31.26040	    18.00000
   -77.99260	   -31.26040	    18.00000
   -74.03870	   -31.26040	    18.00000
   -70.08480	   -31.26040	    18.00000
   -66.13090	   -31.26040	    18.00000
   -62.17690	   -31.26040	    12.00000
   -58.22300	   -31.26040	    12.70000
   -54.26910	   -31.26040	     8.24000
   -50.31520	   -31.26040	    14.20000
   -46.36120	   -31.26040	    14.20000
   -42.40730	   -31.26040	    15.00000
   -38.45340	   -31.26040	    13.50000
   -34.49950	   -31.26040	     8.99000
   -30.54560	   -31.26040	    17.20000
   -26.59160	   -31.26040	    12.00000
   -22.63770	   -31.26040	    18.00000
   -18.68380	   -31.26040	    18.00000
   -14.72990	   -31.26040	    18.00000
   -10.77590	   -31.26040	    18.00000
    -6.82201	   -31.26040	    18.00000
    -2.86808	   -31.26040	    18.00000
     1.08584	   -31.26040	    18.00000
     5.03976	   -31.26040	    18.00000
     8.99369	   -31.26040	    18.00000
    12.94760	   -31.26040	    18.00000
    16.90150	   -31.26040	    18.00000
    20.85550	   -31.26040	    18.00000
    24.80940	   -31.26040	    18.00000
    28.76330	   -31.26040	    18.00000
    32.71720	   -31.26040	    18.00000
   -89.85440	   -28.58930	    18.00000
   -85.90050	   -28.58930	    18.00000
   -81.94660	   -28.58930	    18.00000
   -77.99260	   -28.58930	    18.00000
   -74.03870	   -28.58930	    18.00000
   -70.08480	   -28.58930	    18.00000
   -66.13090	   -28.58930	    18.00000
   -62.17690	   -28.58930	     9.73000
   -58.22300	   -28.58930	     8.24000
   -54.26910	   -28.58930	     6.74000
   -50.31520	   -28.58930	     8.99000
   -46.36120	   -28.58930	     9.73000
   -42.40730	   -28.58930	     8.24000
   -38.45340	   -28.58930	     8.99000
   -34.49950	   -28.58930	    11.20000
   -30.54560	   -28.58930	    18.00000
   -26.59160	   -28.58930	    12.70000
   -22.63770	   -28.58930	    17.20000
   -18.68380	   -28.58930	    18.00000
   -14.72990	   -28.58930	    18.00000
   -10.77590	   -28.58930	    18.00000
    -6.82201	   -28.58930	    18.00000
    -2.86808	   -28.58930	    18.00000
     1.08584	   -28.58930	    18.00000
     5.03976	   -28.58930	    18.00000
     8.99369	   -28.58930	    18.00000
    12.94760	   -28.58930	    18.00000
    16.90150	   -28.58930	    18.00000
    20.85550	   -28.58930	    18.00000
    24.80940	   -28.58930	    18.00000
    28.76330	   -28.58930	    18.00000
    32.71720	   -28.58930	    18.00000
   -89.85440	   -25.91810	    18.00000
   -85.90050	   -25.91810	    18.00000
   -81.94660	   -25.91810	    18.00000
   -77.99260	   -25.91810	    18.00000
   -74.03870	   -25.91810	    18.00000
   -70.08480	   -25.91810	    18.00000
   -66.13090	   -25.91810	    18.00000
   -62.17690	   -25.91810	    12.70000
   -58.22300	   -25.91810	    10.50000
   -54.26910	   -25.91810	     9.73000
   -50.31520	   -25.91810	     9.73000
   -46.36120	   -25.91810	     8.24000
   -42.40730	   -25.91810	     8.24000
   -38.45340	   -25.91810	    17.20000
   -34.49950	   -25.91810	    18.00000
   -30.54560	   -25.91810	    15.00000
   -26.59160	   -25.91810	    12.70000
   -22.63770	   -25.91810	    18.00000
   -18.68380	   -25.91810	    18.00000
   -14.72990	   -25.91810	    18.00000
   -10.77590	   -25.91810	    18.00000
    -6.82201	   -25.91810	    18.00000
    -2.86808	   -25.91810	    18.00000
     1.08584	   -25.91810	    18.00000
     5.03976	   -25.91810	    18.00000
     8.99369	   -25.91810	    18.00000
    12.94760	   -25.91810	    18.00000
    16.90150	   -25.91810	    18.00000
    20.85550	   -25.91810	    18.00000
    24.80940	   -25.91810	    18.00000
    28.76330	   -25.91810	    18.00000
    32.71720	   -25.91810	    18.00000
   -89.85440	   -23.24690	    18.00000
   -85.90050	   -23.24690	    18.00000
   -81.94660	   -23.24690	    18.00000
   -77.99260	   -23.24690	    18.00000
   -74.03870	   -23.24690	    18.00000
   -70.08480	   -23.24690	    18.00000
   -66.13090	   -23.24690	    18.00000
   -62.17690	   -23.24690	    12.00000
   -58.22300	   -23.24690	     8.24000
   -54.26910	   -23.24690	    14.20000
   -50.31520	   -23.24690	     9.73000
   -46.36120	   -23.24690	     9.73000
   -42.40730	   -23.24690	     8.24000
   -38.45340	   -23.24690	     9.73000
   -34.49950	   -23.24690	    14.20000
   -30.54560	   -23.24690	    12.70000
   -26.59160	   -23.24690	    18.00000
   -22.63770	   -23.24690	    18.00000
   -18.68380	   -23.24690	    18.00000
   -14.72990	   -23.24690	    18.00000
   -10.77590	   -23.24690	    18.00000
    -6.82201	   -23.24690	    18.00000
    -2.86808	   -23.24690	    18.00000
     1.08584	   -23.24690	    18.00000
     5.03976	   -23.24690	    18.00000
     8.99369	   -23.24690	    18.00000
    12.94760	   -23.24690	    18.00000
    16.90150	   -23.24690	    18.00000
    20.85550	   -23.24690	    18.00000
    24.80940	   -23.24690	    18.00000
    28.76330	   -23.24690	    18.00000
    32.71720	   -23.24690	    18.00000
   -89.85440	   -20.57570	    18.00000
   -85.90050	   -20.57570	    18.00000
   -81.94660	   -20.57570	    18.00000
   -77.99260	   -20.57570	    18.00000
   -74.03870	   -20.57570	    18.00000
   -70.08480	   -20.57570	    18.00000
   -66.13090	   -20.57570	    18.00000
   -62.17690	   -20.57570	    11.20000
   -58.22300	   -20.57570	     8.24000
   -54.26910	   -20.57570	    14.20000
   -50.31520	   -20.57570	    11.20000
   -46.36120	   -20.57570	     8.99000
   -42.40730	   -20.57570	     9.73000
   -38.45340	   -20.57570	     8.24000
   -34.49950	   -20.57570	    10.50000
   -30.54560	   -20.57570	    12.70000
   -26.59160	   -20.57570	    18.00000
   -22.63770	   -20.57570	    18.00000
   -18.68380	   -20.57570	    18.00000
   -14.72990	   -20.57570	    18.00000
   -10.77590	   -20.57570	    18.00000
    -6.82201	   -20.57570	    18.00000
    -2.86808	   -20.57570	    18.00000
     1.08584	   -20.57570	    18.00000
     5.03976	   -20.57570	    18.00000
     8.99369	   -20.57570	    18.00000
    12.94760	   -20.57570	    18.00000
    16.90150	   -20.57570	    18.00000
    20.85550	   -20.57570	    18.00000
    24.80940	   -20.57570	    18.00000
    28.76330	   -20.57570	    18.00000
    32.71720	   -20.57570	    18.00000
   -89.85440	   -17.90450	    18.00000
   -85.90050	   -17.90450	    18.00000
   -81.94660	   -17.90450	    18.00000
   -77.99260	   -17.90450	    18.00000
   -74.03870	   -17.90450	    18.00000
   -70.08480	   -17.90450	    18.00000
   -66.13090	   -17.90450	    18.00000
   -62.17690	   -17.90450	    12.00000
   -58.22300	   -17.90450	     8.99000
   -54.26910	   -17.90450	    11.20000
   -50.31520	   -17.90450	     8.99000
   -46.36120	   -17.90450	     7.49000
   -42.40730	   -17.90450	    10.50000
   -38.45340	   -17.90450	    12.00000
   -34.49950	   -17.90450	    13.50000
   -30.54560	   -17.90450	    11.20000
   -26.59160	   -17.90450	    17.20000
   -22.63770	   -17.90450	    18.00000
   -18.68380	   -17.90450	    18.00000
   -14.72990	   -17.90450	    18.00000
   -10.77590	   -17.90450	    18.00000
    -6.82201	   -17.90450	    18.00000
    -2.86808	   -17.90450	    18.00000
     1.08584	   -17.90450	    18.00000
     5.03976	   -17.90450	    18.00000
     8.99369	   -17.90450	    18.00000
    12.94760	   -17.90450	    18.00000
    16.90150	   -17.90450	    18.00000
    20.85550	   -17.90450	    18.00000
    24.80940	   -17.90450	    18.00000
    28.76330	   -17.90450	    18.00000
    32.71720	   -17.90450	    18.00000
   -89.85440	   -15.23330	    18.00000
   -85.90050	   -15.23330	    18.00000
   -81.94660	   -15.23330	    18.00000
   -77.99260	   -15.23330	    18.00000
   -74.03870	   -15.23330	    18.00000
   -70.08480	   -15.23330	    18.00000
   -66.13090	   -15.23330	    18.00000
   -62.17690	   -15.23330	    18.00000
   -58.22300	   -15.23330	    12.70000
   -54.26910	   -15.23330	    11.20000
   -50.31520	   -15.23330	     9.73000
   -46.36120	   -15.23330	    12.00000
   -42.40730	   -15.23330	    12.70000
   -38.45340	   -15.23330	    13.50000
   -34.49950	   -15.23330	    10.50000
   -30.54560	   -15.23330	    11.20000
   -26.59160	   -15.23330	    17.20000
   -22.63770	   -15.23330	    18.00000
   -18.68380	   -15.23330	    18.00000
   -14.72990	   -15.23330	    18.00000
   -10.77590	   -15.23330	    18.00000
    -6.82201	   -15.23330	    12.70000
    -2.86808	   -15.23330	    11.20000
     1.08584	   -15.23330	    17.20000
     5.03976	   -15.23330	    14.20000
     8.99369	   -15.23330	    18.00000
    12.94760	   -15.23330	    18.00000
    16.90150	   -15.23330	    18.00000
    20.85550	   -15.23330	    18.00000
    24.80940	   -15.23330	    18.00000
    28.76330	   -15.23330	    18.00000
    32.71720	   -15.23330	    18.00000
   -89.85440	   -12.56210	    18.00000
   -85.90050	   -12.56210	    18.00000
   -81.94660	   -12.56210	    18.00000
   -77.99260	   -12.56210	    18.00000
   -74.03870	   -12.56210	    18.00000
   -70.08480	   -12.56210	    18.00000
   -66.13090	   -12.56210	    18.00000
   -62.17690	   -12.56210	    18.00000
   -58.22300	   -12.56210	    13.50000
   -54.26910	   -12.56210	    11.20000
   -50.31520	   -12.56210	    10.50000
   -46.36120	   -12.56210	    12.70000
   -42.40730	   -12.56210	    18.00000
   -38.45340	   -12.56210	    17.20000
   -34.49950	   -12.56210	    10.50000
   -30.54560	   -12.56210	    17.20000
   -26.59160	   -12.56210	    18.00000
   -22.63770	   -12.56210	    18.00000
   -18.68380	   -12.56210	    18.00000
   -14.72990	   -12.56210	    18.00000
   -10.77590	   -12.56210	    18.00000
    -6.82201	   -12.56210	     8.99000
    -2.86808	   -12.56210	     4.49000
     1.08584	   -12.56210	     6.74000
     5.03976	   -12.56210	     8.24000
     8.99369	   -12.56210	    18.00000
    12.94760	   -12.56210	    18.00000
    16.90150	   -12.56210	    18.00000
    20.85550	   -12.56210	    18.00000
    24.80940	   -12.56210	    18.00000
    28.76330	   -12.56210	    18.00000
    32.71720	   -12.56210	    18.00000
   -89.85440	    -9.89093	    18.00000
   -85.90050	    -9.89093	    18.00000
   -81.94660	    -9.89093	    18.00000
   -77.99260	    -9.89093	    18.00000
   -74.03870	    -9.89093	    18.00000
   -70.08480	    -9.89093	    18.00000
   -66.13090	    -9.89093	    18.00000
   -62.17690	    -9.89093	    18.00000
   -58.22300	    -9.89093	    18.00000
   -54.26910	    -9.89093	    12.70000
   -50.31520	    -9.89093	    12.00000
   -46.36120	    -9.89093	    10.50000
   -42.40730	    -9.89093	    18.00000
   -38.45340	    -9.89093	    10.50000
   -34.49950	    -9.89093	     9.73000
   -30.54560	    -9.89093	    14.20000
   -26.59160	    -9.89093	    15.00000
   -22.63770	    -9.89093	    18.00000
   -18.68380	    -9.89093	    18.00000
   -14.72990	    -9.89093	    12.00000
   -10.77590	    -9.89093	     7.49000
    -6.82201	    -9.89093	     7.49000
    -2.86808	    -9.89093	     5.24000
     1.08584	    -9.89093	     4.49000
     5.03976	    -9.89093	    10.50000
     8.99369	    -9.89093	    18.00000
    12.94760	    -9.89093	    18.00000
    16.90150	    -9.89093	    18.00000
    20.85550	    -9.89093	    18.00000
    24.80940	    -9.89093	    18.00000
    28.76330	    -9.89093	    18.00000
    32.71720	    -9.89093	    18.00000
   -89.85440	    -7.21974	    18.00000
   -85.90050	    -7.21974	    18.00000
   -81.94660	    -7.21974	    18.00000
   -77.99260	    -7.21974	    18.00000
   -74.03870	    -7.21974	    18.00000
   -70.08480	    -7.21974	    18.00000
   -66.13090	    -7.21974	    18.00000
   -62.17690	    -7.21974	    18.00000
   -58.22300	    -7.21974	    11.20000
   -54.26910	    -7.21974	    12.00000
   -50.31520	    -7.21974	    17.20000
   -46.36120	    -7.21974	    18.00000
   -42.40730	    -7.21974	    18.00000
   -38.45340	    -7.21974	    12.70000
   -34.49950	    -7.21974	    10.50000
   -30.54560	    -7.21974	    13.50000
   -26.59160	    -7.21974	     9.73000
   -22.63770	    -7.21974	    18.00000
   -18.68380	    -7.21974	    11.20000
   -14.72990	    -7.21974	     9.73000
   -10.77590	    -7.21974	     5.99000
    -6.82201	    -7.21974	     5.24000
    -2.86808	    -7.21974	     5.99000
     1.08584	    -7.21974	     6.74000
     5.03976	    -7.21974	     6.74000
     8.99369	    -7.21974	     7.49000
    12.94760	    -7.21974	     9.73000
    16.90150	    -7.21974	    18.00000
    20.85550	    -7.21974	    18.00000
    24.80940	    -7.21974	    18.00000
    28.76330	    -7.21974	    18.00000
    32.71720	    -7.21974	    18.00000
   -89.85440	    -4.54855	    18.00000
   -85.90050	    -4.54855	    18.00000
   -81.94660	    -4.54855	    18.00000
   -77.99260	    -4.54855	    18.00000
   -74.03870	    -4.54855	    18.00000
   -70.08480	    -4.54855	    18.00000
   -66.13090	    -4.54855	    18.00000
   -62.17690	    -4.54855	    14.20000
   -58.22300	    -4.54855	    10.50000
   -54.26910	    -4.54855	    18.00000
   -50.31520	    -4.54855	    18.00000
   -46.36120	    -4.54855	    18.00000
   -42.40730	    -4.54855	    18.00000
   -38.45340	    -4.54855	    18.00000
   -34.49950	    -4.54855	    18.00000
   -30.54560	    -4.54855	    14.20000
   -26.59160	    -4.54855	    15.00000
   -22.63770	    -4.54855	     9.73000
   -18.68380	    -4.54855	    12.70000
   -14.72990	    -4.54855	    18.00000
   -10.77590	    -4.54855	     5.99000
    -6.82201	    -4.54855	     5.99000
    -2.86808	    -4.54855	    10.50000
     1.08584	    -4.54855	    18.00000
     5.03976	    -4.54855	     7.49000
     8.99369	    -4.54855	     5.99000
    12.94760	    -4.54855	     8.24000
    16.90150	    -4.54855	     8.24000
    20.85550	    -4.54855	    12.70000
    24.80940	    -4.54855	     9.73000
    28.76330	    -4.54855	    14.20000
    32.71720	    -4.54855	    18.00000
   -89.85440	    -1.87736	    18.00000
   -85.90050	    -1.87736	    18.00000
   -81.94660	    -1.87736	    18.00000
   -77.99260	    -1.87736	    18.00000
   -74.03870	    -1.87736	    18.00000
   -70.08480	    -1.87736	    18.00000
   -66.13090	    -1.87736	    18.00000
   -62.17690	    -1.87736	    11.20000
   -58.22300	    -1.87736	    12.70000
   -54.26910	    -1.87736	    18.00000
   -50.31520	    -1.87736	    18.00000
   -46.36120	    -1.87736	    18.00000
   -42.40730	    -1.87736	    18.00000
   -38.45340	    -1.87736	    18.00000
   -34.49950	    -1.87736	    18.00000
   -30.54560	    -1.87736	    18.00000
   -26.59160	    -1.87736	    17.20000
   -22.63770	    -1.87736	    11.20000
   -18.68380	    -1.87736	    17.20000
   -14.72990	    -1.87736	    18.00000
   -10.77590	    -1.87736	    12.70000
    -6.82201	    -1.87736	     8.24000
    -2.86808	    -1.87736	    18.00000
     1.08584	    -1.87736	    18.00000
     5.03976	    -1.87736	    17.20000
     8.99369	    -1.87736	     8.24000
    12.94760	    -1.87736	     6.74000
    16.90150	    -1.87736	     8.24000
    20.85550	    -1.87736	     3.00000
    24.80940	    -1.87736	     0.74900
    28.76330	    -1.87736	     5.24000
    32.71720	    -1.87736	    18.00000
   -89.85440	     0.79383	    18.00000
   -85.90050	     0.79383	    18.00000
   -81.94660	     0.79383	    18.00000
   -77.99260	     0.79383	    18.00000
   -74.03870	     0.79383	    18.00000
   -70.08480	     0.79383	    18.00000
   -66.13090	     0.79383	    18.00000
   -62.17690	     0.79383	    12.70000
   -58.22300	     0.79383	    12.70000
   -54.26910	     0.79383	    18.00000
   -50.31520	     0.79383	    18.00000
   -46.36120	     0.79383	    18.00000
   -42.40730	     0.79383	    18.00000
   -38.45340	     0.79383	    18.00000
   -34.49950	     0.79383	    18.00000
   -30.54560	     0.79383	    18.00000
   -26.59160	     0.79383	    18.00000
   -22.63770	     0.79383	    18.00000
   -18.68380	     0.79383	    18.00000
   -14.72990	     0.79383	    18.00000
   -10.77590	     0.79383	    18.00000
    -6.82201	     0.79383	    17.20000
    -2.86808	     0.79383	    18.00000
     1.08584	     0.79383	    18.00000
     5.03976	     0.79383	    18.00000
     8.99369	     0.79383	    15.00000
    12.94760	     0.79383	    17.20000
    16.90150	     0.79383	    12.00000
    20.85550	     0.79383	     1.50000
    24.80940	     0.79383	     0.74900
    28.76330	     0.79383	     3.00000
    32.71720	     0.79383	    12.70000
   -89.85440	     3.46502	    18.00000
   -85.90050	     3.46502	    18.00000
   -81.94660	     3.46502	    18.00000
   -77.99260	     3.46502	    18.00000
   -74.03870	     3.46502	    18.00000
   -70.08480	     3.46502	    18.00000
   -66.13090	     3.46502	    18.00000
   -62.17690	     3.46502	    10.50000
   -58.22300	     3.46502	     9.73000
   -54.26910	     3.46502	     8.99000
   -50.31520	     3.46502	    18.00000
   -46.36120	     3.46502	    18.00000
   -42.40730	     3.46502	    18.00000
   -38.45340	     3.46502	    18.00000
   -34.49950	     3.46502	    18.00000
   -30.54560	     3.46502	    18.00000
   -26.59160	     3.46502	    18.00000
   -22.63770	     3.46502	    18.00000
   -18.68380	     3.46502	    18.00000
   -14.72990	     3.46502	    18.00000
   -10.77590	     3.46502	    18.00000
    -6.82201	     3.46502	    18.00000
    -2.86808	     3.46502	    18.00000
     1.08584	     3.46502	    18.00000
     5.03976	     3.46502	    18.00000
     8.99369	     3.46502	    18.00000
    12.94760	     3.46502	    18.00000
    16.90150	     3.46502	     8.99000
    20.85550	     3.46502	     1.50000
    24.80940	     3.46502	     0.00000
    28.76330	     3.46502	     0.74900
    32.71720	     3.46502	     5.24000
   -89.85440	     6.13621	    18.00000
   -85.90050	     6.13621	    18.00000
   -81.94660	     6.13621	    18.00000
   -77.99260	     6.13621	    18.00000
   -74.03870	     6.13621	    18.00000
   -70.08480	     6.13621	    18.00000
   -66.13090	     6.13621	    18.00000
   -62.17690	     6.13621	    12.70000
   -58.22300	     6.13621	    15.00000
   -54.26910	     6.13621	     9.73000
   -50.31520	     6.13621	    15.00000
   -46.36120	     6.13621	    18.00000
   -42.40730	     6.13621	    18.00000
   -38.45340	     6.13621	    18.00000
   -34.49950	     6.13621	    18.00000
   -30.54560	     6.13621	    18.00000
   -26.59160	     6.13621	    18.00000
   -22.63770	     6.13621	    18.00000
   -18.68380	     6.13621	    18.00000
   -14.72990	     6.13621	    18.00000
   -10.77590	     6.13621	    18.00000
    -6.82201	     6.13621	    18.00000
    -2.86808	     6.13621	    18.00000
     1.08584	     6.13621	    18.00000
     5.03976	     6.13621	    18.00000
     8.99369	     6.13621	    18.00000
    12.94760	     6.13621	    18.00000
    16.90150	     6.13621	     5.99000
    20.85550	     6.13621	     4.49000
    24.80940	     6.13621	     3.00000
    28.76330	     6.13621	     3.74000
    32.71720	     6.13621	    11.20000
   -89.85440	     8.80740	    18.00000
   -85.90050	     8.80740	    18.00000
   -81.94660	     8.80740	    18.00000
   -77.99260	     8.80740	    18.00000
   -74.03870	     8.80740	    18.00000
   -70.08480	     8.80740	    18.00000
   -66.13090	     8.80740	    18.00000
   -62.17690	     8.80740	    15.00000
   -58.22300	     8.80740	    12.70000
   -54.26910	     8.80740	    15.00000
   -50.31520	     8.80740	    18.00000
   -46.36120	     8.80740	    18.00000
   -42.40730	     8.80740	    18.00000
   -38.45340	     8.80740	    18.00000
   -34.49950	     8.80740	    18.00000
   -30.54560	     8.80740	    18.00000
   -26.59160	     8.80740	    18.00000
   -22.63770	     8.80740	    18.00000
   -18.68380	     8.80740	    18.00000
   -14.72990	     8.80740	    18.00000
   -10.77590	     8.80740	    18.00000
    -6.82201	     8.80740	    18.00000
    -2.86808	     8.80740	    18.00000
     1.08584	     8.80740	    18.00000
     5.03976	     8.80740	    18.00000
     8.99369	     8.80740	    18.00000
    12.94760	     8.80740	    18.00000
    16.90150	     8.80740	    18.00000
    20.85550	     8.80740	    14.20000
    24.80940	     8.80740	    15.00000
    28.76330	     8.80740	    18.00000
    32.71720	     8.80740	    18.00000
   -89.85440	    11.47860	    18.00000
   -85.90050	    11.47860	    18.00000
   -81.94660	    11.47860	    18.00000
   -77.99260	    11.47860	    18.00000
   -74.03870	    11.47860	    18.00000
   -70.08480	    11.47860	    18.00000
   -66.13090	    11.47860	    18.00000
   -62.17690	    11.47860	    18.00000
   -58.22300	    11.47860	    14.20000
   -54.26910	    11.47860	    15.00000
   -50.31520	    11.47860	    18.00000
   -46.36120	    11.47860	    18.00000
   -42.40730	    11.47860	    18.00000
   -38.45340	    11.47860	    18.00000
   -34.49950	    11.47860	    18.00000
   -30.54560	    11.47860	    18.00000
   -26.59160	    11.47860	    18.00000
   -22.63770	    11.47860	    18.00000
   -18.68380	    11.47860	    18.00000
   -14.72990	    11.47860	    18.00000
   -10.77590	    11.47860	    18.00000
    -6.82201	    11.47860	    18.00000
    -2.86808	    11.47860	    18.00000
     1.08584	    11.47860	    18.00000
     5.03976	    11.47860	    18.00000
     8.99369	    11.47860	    18.00000
    12.94760	    11.47860	    18.00000
    16.90150	    11.47860	    18.00000
    20.85550	    11.47860	    18.00000
    24.80940	    11.47860	    18.00000
    28.76330	    11.47860	    18.00000
    32.71720	    11.47860	    18.00000
   -89.85440	    14.14980	    18.00000
   -85.90050	    14.14980	    14.20000
   -81.94660	    14.14980	    12.00000
   -77.99260	    14.14980	    18.00000
   -74.03870	    14.14980	    18.00000
   -70.08480	    14.14980	    18.00000
   -66.13090	    14.14980	    18.00000
   -62.17690	    14.14980	    13.50000
   -58.22300	    14.14980	    10.50000
   -54.26910	    14.14980	    18.00000
   -50.31520	    14.14980	    18.00000
   -46.36120	    14.14980	    18.00000
   -42.40730	    14.14980	    18.00000
   -38.45340	    14.14980	    18.00000
   -34.49950	    14.14980	    18.00000
   -30.54560	    14.14980	    18.00000
   -26.59160	    14.14980	    18.00000
   -22.63770	    14.14980	    18.00000
   -18.68380	    14.14980	    18.00000
   -14.72990	    14.14980	    18.00000
   -10.77590	    14.14980	    18.00000
    -6.82201	    14.14980	    18.00000
    -2.86808	    14.14980	    18.00000
     1.08584	    14.14980	    18.00000
     5.03976	    14.14980	    18.00000
     8.99369	    14.14980	    18.00000
    12.94760	    14.14980	    18.00000
    16.90150	    14.14980	    18.00000
    20.85550	    14.14980	    18.00000
    24.80940	    14.14980	    18.00000
    28.76330	    14.14980	    18.00000
    32.71720	    14.14980	    18.00000
   -89.85440	    16.82100	    18.00000
   -85.90050	    16.82100	     7.49000
   -81.94660	    16.82100	     9.73000
   -77.99260	    16.82100	    18.00000
   -74.03870	    16.82100	    13.50000
   -70.08480	    16.82100	    15.00000
   -66.13090	    16.82100	    10.50000
   -62.17690	    16.82100	     9.73000
   -58.22300	    16.82100	    11.20000
   -54.26910	    16.82100	    14.20000
   -50.31520	    16.82100	    18.00000
   -46.36120	    16.82100	    18.00000
   -42.40730	    16.82100	    18.00000
   -38.45340	    16.82100	    18.00000
   -34.49950	    16.82100	    18.00000
   -30.54560	    16.82100	    18.00000
   -26.59160	    16.82100	    18.00000
   -22.63770	    16.82100	    18.00000
   -18.68380	    16.82100	    18.00000
   -14.72990	    16.82100	    18.00000
   -10.77590	    16.82100	    18.00000
    -6.82201	    16.82100	    18.00000
    -2.86808	    16.82100	    18.00000
     1.08584	    16.82100	    18.00000
     5.03976	    16.82100	    18.00000
     8.99369	    16.82100	    18.00000
    12.94760	    16.82100	    18.00000
    16.90150	    16.82100	    18.00000
    20.85550	    16.82100	    18.00000
    24.80940	    16.82100	    18.00000
    28.76330	    16.82100	    18.00000
    32.71720	    16.82100	    18.00000
   -89.85440	    19.49220	    12.00000
   -85.90050	    19.49220	     8.24000
   -81.94660	    19.49220	     6.74000
   -77.99260	    19.49220	    12.70000
   -74.03870	    19.49220	    12.00000
   -70.08480	    19.49220	    10.50000
   -66.13090	    19.49220	     9.73000
   -62.17690	    19.49220	    10.50000
   -58.22300	    19.49220	     8.99000
   -54.26910	    19.49220	    10.50000
   -50.31520	    19.49220	    18.00000
   -46.36120	    19.49220	    18.00000
   -42.40730	    19.49220	    18.00000
   -38.45340	    19.49220	    18.00000
   -34.49950	    19.49220	    18.00000
   -30.54560	    19.49220	    18.00000
   -26.59160	    19.49220	    18.00000
   -22.63770	    19.49220	    18.00000
   -18.68380	    19.49220	    18.00000
   -14.72990	    19.49220	    18.00000
   -10.77590	    19.49220	    18.00000
    -6.82201	    19.49220	    18.00000
    -2.86808	    19.49220	    18.00000
     1.08584	    19.49220	    18.00000
     5.03976	    19.49220	    18.00000
     8.99369	    19.49220	    18.00000
    12.94760	    19.49220	    18.00000
    16.90150	    19.49220	    18.00000
    20.85550	    19.49220	    18.00000
    24.80940	    19.49220	    18.00000
    28.76330	    19.49220	    18.00000
    32.71720	    19.49220	    18.00000
   -89.85440	    22.16340	    14.20000
   -85.90050	    22.16340	     8.24000
   -81.94660	    22.16340	     8.24000
   -77.99260	    22.16340	     9.73000
   -74.03870	    22.16340	    10.50000
   -70.08480	    22.16340	    11.20000
   -66.13090	    22.16340	    11.20000
   -62.17690	    22.16340	    13.50000
   -58.22300	    22.16340	    10.50000
   -54.26910	    22.16340	    18.00000
   -50.31520	    22.16340	    18.00000
   -46.36120	    22.16340	    18.00000
   -42.40730	    22.16340	    18.00000
   -38.45340	    22.16340	    18.00000
   -34.49950	    22.16340	    18.00000
   -30.54560	    22.16340	    18.00000
   -26.59160	    22.16340	    18.00000
   -22.63770	    22.16340	    18.00000
   -18.68380	    22.16340	    18.00000
   -14.72990	    22.16340	    18.00000
   -10.77590	    22.16340	    18.00000
    -6.82201	    22.16340	    18.00000
    -2.86808	    22.16340	    18.00000
     1.08584	    22.16340	    18.00000
     5.03976	    22.16340	    18.00000
     8.99369	    22.16340	    18.00000
    12.94760	    22.16340	    18.00000
    16.90150	    22.16340	    18.00000
    20.85550	    22.16340	    18.00000
    24.80940	    22.16340	    18.00000
    28.76330	    22.16340	    18.00000
    32.71720	    22.16340	    18.00000
   -89.85440	    24.83450	    17.20000
   -85.90050	    24.83450	     8.99000
   -81.94660	    24.83450	     7.49000
   -77.99260	    24.83450	    10.50000
   -74.03870	    24.83450	    13.50000
   -70.08480	    24.83450	    17.20000
   -66.13090	    24.83450	    12.70000
   -62.17690	    24.83450	    18.00000
   -58.22300	    24.83450	    12.00000
   -54.26910	    24.83450	    18.00000
   -50.31520	    24.83450	    18.00000
   -46.36120	    24.83450	    18.00000
   -42.40730	    24.83450	    18.00000
   -38.45340	    24.83450	    18.00000
   -34.49950	    24.83450	    18.00000
   -30.54560	    24.83450	    18.00000
   -26.59160	    24.83450	    18.00000
   -22.63770	    24.83450	    18.00000
   -18.68380	    24.83450	    18.00000
   -14.72990	    24.83450	    18.00000
   -10.77590	    24.83450	    18.00000
    -6.82201	    24.83450	    18.00000
    -2.86808	    24.83450	    18.00000
     1.08584	    24.83450	    18.00000
     5.03976	    24.83450	    18.00000
     8.99369	    24.83450	    18.00000
    12.94760	    24.83450	    18.00000
    16.90150	    24.83450	    18.00000
    20.85550	    24.83450	    18.00000
    24.80940	    24.83450	    18.00000
    28.76330	    24.83450	    18.00000
    32.71720	    24.83450	    18.00000
   -89.85440	    27.50570	    18.00000
   -85.90050	    27.50570	    11.20000
   -81.94660	    27.50570	     9.73000
   -77.99260	    27.50570	     9.73000
   -74.03870	    27.50570	     8.99000
   -70.08480	    27.50570	    18.00000
   -66.13090	    27.50570	    18.00000
   -62.17690	    27.50570	    13.50000
   -58.22300	    27.50570	    18.00000
   -54.26910	    27.50570	    18.00000
   -50.31520	    27.50570	    18.00000
   -46.36120	    27.50570	    18.00000
   -42.40730	    27.50570	    18.00000
   -38.45340	    27.50570	    18.00000
   -34.49950	    27.50570	    18.00000
   -30.54560	    27.50570	    18.00000
   -26.59160	    27.50570	    18.00000
   -22.63770	    27.50570	    18.00000
   -18.68380	    27.50570	    18.00000
   -14.72990	    27.50570	    18.00000
   -10.77590	    27.50570	    18.00000
    -6.82201	    27.50570	    18.00000
    -2.86808	    27.50570	    18.00000
     1.08584	    27.50570	    18.00000
     5.03976	    27.50570	    18.00000
     8.99369	    27.50570	    18.00000
    12.94760	    27.50570	    18.00000
    16.90150	    27.50570	    18.00000
    20.85550	    27.50570	    18.00000
    24.80940	    27.50570	    18.00000
    28.76330	    27.50570	    18.00000
    32.71720	    27.50570	    18.00000
   -89.85440	    30.17690	    18.00000
   -85.90050	    30.17690	    11.20000
   -81.94660	    30.17690	    12.00000
   -77.99260	    30.17690	     8.24000
   -74.03870	    30.17690	     8.24000
   -70.08480	    30.17690	     8.99000
   -66.13090	    30.17690	     9.73000
   -62.17690	    30.17690	    12.70000
   -58.22300	    30.17690	    18.00000
   -54.26910	    30.17690	    18.00000
   -50.31520	    30.17690	    18.00000
   -46.36120	    30.17690	    18.00000
   -42.40730	    30.17690	    18.00000
   -38.45340	    30.17690	    18.00000
   -34.49950	    30.17690	    18.00000
   -30.54560	    30.17690	    18.00000
   -26.59160	    30.17690	    18.00000
   -22.63770	    30.17690	    18.00000
   -18.68380	    30.17690	    18.00000
   -14.72990	    30.17690	    18.00000
   -10.77590	    30.17690	    18.00000
    -6.82201	    30.17690	    18.00000
    -2.86808	    30.17690	    18.00000
     1.08584	    30.17690	    18.00000
     5.03976	    30.17690	    18.00000
     8.99369	    30.17690	    18.00000
    12.94760	    30.17690	    18.00000
    16.90150	    30.17690	    18.00000
    20.85550	    30.17690	    18.00000
    24.80940	    30.17690	    18.00000
    28.76330	    30.17690	    18.00000
    32.71720	    30.17690	    18.00000
   -89.85440	    32.84810	    18.00000
   -85.90050	    32.84810	    12.70000
   -81.94660	    32.84810	     8.99000
   -77.99260	    32.84810	    12.00000
   -74.03870	    32.84810	     8.99000
   -70.08480	    32.84810	     7.49000
   -66.13090	    32.84810	     6.74000
   -62.17690	    32.84810	    17.20000
   -58.22300	    32.84810	    18.00000
   -54.26910	    32.84810	    18.00000
   -50.31520	    32.84810	    18.00000
   -46.36120	    32.84810	    18.00000
   -42.40730	    32.84810	    18.00000
   -38.45340	    32.84810	    18.00000
   -34.49950	    32.84810	    18.00000
   -30.54560	    32.84810	    18.00000
   -26.59160	    32.84810	    18.00000
   -22.63770	    32.84810	    18.00000
   -18.68380	    32.84810	    18.00000
   -14.72990	    32.84810	    18.00000
   -10.77590	    32.84810	    18.00000
    -6.82201	    32.84810	    18.00000
    -2.86808	    32.84810	    18.00000
     1.08584	    32.84810	    18.00000
     5.03976	    32.84810	    18.00000
     8.99369	    32.84810	    18.00000
    12.94760	    32.84810	    18.00000
    16.90150	    32.84810	    18.00000
    20.85550	    32.84810	    18.00000
    24.80940	    32.84810	    18.00000
    28.76330	    32.84810	    18.00000
    32.71720	    32.84810	    18.00000
   -89.85440	    35.51930	    18.00000
   -85.90050	    35.51930	    10.50000
   -81.94660	    35.51930	     9.73000
   -77.99260	    35.51930	    10.50000
   -74.03870	    35.51930	    12.70000
   -70.08480	    35.51930	    10.50000
   -66.13090	    35.51930	    12.00000
   -62.17690	    35.51930	    15.00000
   -58.22300	    35.51930	    18.00000
   -54.26910	    35.51930	    18.00000
   -50.31520	    35.51930	    18.00000
   -46.36120	    35.51930	    18.00000
   -42.40730	    35.51930	    18.00000
   -38.45340	    35.51930	    18.00000
   -34.49950	    35.51930	    18.00000
   -30.54560	    35.51930	    18.00000
   -26.59160	    35.51930	    18.00000
   -22.63770	    35.51930	    18.00000
   -18.68380	    35.51930	    18.00000
   -14.72990	    35.51930	    18.00000
   -10.77590	    35.51930	    18.00000
    -6.82201	    35.51930	    18.00000
    -2.86808	    35.51930	    18.00000
     1.08584	    35.51930	    18.00000
     5.03976	    35.51930	    18.00000
     8.99369	    35.51930	    18.00000
    12.94760	    35.51930	    18.00000
    16.90150	    35.51930	    18.00000
    20.85550	    35.51930	    18.00000
    24.80940	    35.51930	    18.00000
    28.76330	    35.51930	    18.00000
    32.71720	    35.51930	    18.00000
   -89.85440	    38.19050	    18.00000
   -85.90050	    38.19050	    18.00000
   -81.94660	    38.19050	    13.50000
   -77.99260	    38.19050	    18.00000
   -74.03870	    38.19050	    18.00000
   -70.08480	    38.19050	    18.00000
   -66.13090	    38.19050	    18.00000
   -62.17690	    38.19050	    18.00000
   -58.22300	    38.19050	    18.00000
   -54.26910	    38.19050	    18.00000
   -50.31520	    38.19050	    18.00000
   -46.36120	    38.19050	    18.00000
   -42.40730	    38.19050	    18.00000
   -38.45340	    38.19050	    18.00000
   -34.49950	    38.19050	    18.00000
   -30.54560	    38.19050	    18.00000
   -26.59160	    38.19050	    18.00000
   -22.63770	    38.19050	    18.00000
   -18.68380	    38.19050	    18.00000
   -14.72990	    38.19050	    18.00000
   -10.77590	    38.19050	    18.00000
    -6.82201	    38.19050	    18.00000
    -2.86808	    38.19050	    18.00000
     1.08584	    38.19050	    18.00000
     5.03976	    38.19050	    18.00000
     8.99369	    38.19050	    18.00000
    12.94760	    38.19050	    18.00000
    16.90150	    38.19050	    18.00000
    20.85550	    38.19050	    18.00000
    24.80940	    38.19050	    18.00000
    28.76330	    38.19050	    18.00000
    32.71720	    38.19050	    18.00000
