   -20.16350	   -36.60310	    17.30000
   -17.06340	   -36.60310	    17.30000
   -13.96320	   -36.60310	    17.30000
   -10.86310	   -36.60310	    17.30000
    -7.76290	   -36.60310	    17.30000
    -4.66273	   -36.60310	    17.30000
    -1.56257	   -36.60310	    17.30000
     1.53759	   -36.60310	    17.30000
     4.63775	   -36.60310	    17.30000
     7.73791	   -36.60310	    17.30000
    10.83810	   -36.60310	    17.30000
    13.93820	   -36.60310	    17.30000
    17.03840	   -36.60310	    17.30000
    20.13860	   -36.60310	    17.30000
    23.23870	   -36.60310	    10.10000
    26.33890	   -36.60310	    17.30000
    29.43900	   -36.60310	    13.00000
    32.53920	   -36.60310	    16.60000
    35.63940	   -36.60310	    17.30000
    38.73950	   -36.60310	    17.30000
    41.83970	   -36.60310	    17.30000
    44.93980	   -36.60310	    17.30000
    48.04000	   -36.60310	    17.30000
    51.14020	   -36.60310	    17.30000
    54.24030	   -36.60310	    17.30000
    57.34050	   -36.60310	    17.30000
    60.44060	   -36.60310	    17.30000
    63.54080	   -36.60310	    17.30000
    66.64100	   -36.60310	    17.30000
    69.74110	   -36.60310	    17.30000
    72.84130	   -36.60310	    17.30000
    75.94150	   -36.60310	    17.30000
   -20.16350	   -33.58240	    17.30000
   -17.06340	   -33.58240	    17.30000
   -13.96320	   -33.58240	    17.30000
   -10.86310	   -33.58240	    17.30000
    -7.76290	   -33.58240	    17.30000
    -4.66273	   -33.58240	    17.30000
    -1.56257	   -33.58240	    17.30000
     1.53759	   -33.58240	    17.30000
     4.63775	   -33.58240	    17.30000
     7.73791	   -33.58240	    17.30000
    10.83810	   -33.58240	    17.30000
    13.93820	   -33.58240	    17.30000
    17.03840	   -33.58240	    17.30000
    20.13860	   -33.58240	    11.50000
    23.23870	   -33.58240	     7.20000
    26.33890	   -33.58240	    17.30000
    29.43900	   -33.58240	     8.64000
    32.53920	   -33.58240	    10.10000
    35.63940	   -33.58240	    17.30000
    38.73950	   -33.58240	    17.30000
    41.83970	   -33.58240	    17.30000
    44.93980	   -33.58240	    17.30000
    48.04000	   -33.58240	    17.30000
    51.14020	   -33.58240	    17.30000
    54.24030	   -33.58240	    17.30000
    57.34050	   -33.58240	    17.30000
    60.44060	   -33.58240	    17.30000
    63.54080	   -33.58240	    17.30000
    66.64100	   -33.58240	    17.30000
    69.74110	   -33.58240	    17.30000
    72.84130	   -33.58240	    17.30000
    75.94150	   -33.58240	    17.30000
   -20.16350	   -30.56170	    17.30000
   -17.06340	   -30.56170	    17.30000
   -13.96320	   -30.56170	    17.30000
   -10.86310	   -30.56170	    17.30000
    -7.76290	   -30.56170	    17.30000
    -4.66273	   -30.56170	    17.30000
    -1.56257	   -30.56170	    17.30000
     1.53759	   -30.56170	    17.30000
     4.63775	   -30.56170	    17.30000
     7.73791	   -30.56170	    17.30000
    10.83810	   -30.56170	    17.30000
    13.93820	   -30.56170	    17.30000
    17.03840	   -30.56170	    10.80000
    20.13860	   -30.56170	     8.64000
    23.23870	   -30.56170	     9.36000
    26.33890	   -30.56170	    13.70000
    29.43900	   -30.56170	     6.48000
    32.53920	   -30.56170	     6.48000
    35.63940	   -30.56170	    11.50000
    38.73950	   -30.56170	    17.30000
    41.83970	   -30.56170	    17.30000
    44.93980	   -30.56170	    17.30000
    48.04000	   -30.56170	    17.30000
    51.14020	   -30.56170	    17.30000
    54.24030	   -30.56170	    17.30000
    57.34050	   -30.56170	    17.30000
    60.44060	   -30.56170	    17.30000
    63.54080	   -30.56170	    17.30000
    66.64100	   -30.56170	    17.30000
    69.74110	   -30.56170	    17.30000
    72.84130	   -30.56170	    17.30000
    75.94150	   -30.56170	    17.30000
   -20.16350	   -27.54100	    17.30000
   -17.06340	   -27.54100	    17.30000
   -13.96320	   -27.54100	    17.30000
   -10.86310	   -27.54100	    17.30000
    -7.76290	   -27.54100	    17.30000
    -4.66273	   -27.54100	    17.30000
    -1.56257	   -27.54100	    17.30000
     1.53759	   -27.54100	    17.30000
     4.63775	   -27.54100	    17.30000
     7.73791	   -27.54100	    17.30000
    10.83810	   -27.54100	    17.30000
    13.93820	   -27.54100	    16.60000
    17.03840	   -27.54100	     7.20000
    20.13860	   -27.54100	     6.48000
    23.23870	   -27.54100	     9.36000
    26.33890	   -27.54100	     9.36000
    29.43900	   -27.54100	    10.10000
    32.53920	   -27.54100	     8.64000
    35.63940	   -27.54100	     7.20000
    38.73950	   -27.54100	    10.80000
    41.83970	   -27.54100	    17.30000
    44.93980	   -27.54100	    17.30000
    48.04000	   -27.54100	    17.30000
    51.14020	   -27.54100	    17.30000
    54.24030	   -27.54100	    17.30000
    57.34050	   -27.54100	    17.30000
    60.44060	   -27.54100	    17.30000
    63.54080	   -27.54100	    17.30000
    66.64100	   -27.54100	    17.30000
    69.74110	   -27.54100	    17.30000
    72.84130	   -27.54100	    17.30000
    75.94150	   -27.54100	    17.30000
   -20.16350	   -24.52030	    17.30000
   -17.06340	   -24.52030	    17.30000
   -13.96320	   -24.52030	    17.30000
   -10.86310	   -24.52030	    17.30000
    -7.76290	   -24.52030	    17.30000
    -4.66273	   -24.52030	    17.30000
    -1.56257	   -24.52030	    17.30000
     1.53759	   -24.52030	    17.30000
     4.63775	   -24.52030	    17.30000
     7.73791	   -24.52030	    10.10000
    10.83810	   -24.52030	    10.80000
    13.93820	   -24.52030	     9.36000
    17.03840	   -24.52030	     9.36000
    20.13860	   -24.52030	     7.20000
    23.23870	   -24.52030	     7.92000
    26.33890	   -24.52030	    17.30000
    29.43900	   -24.52030	    17.30000
    32.53920	   -24.52030	    13.00000
    35.63940	   -24.52030	     9.36000
    38.73950	   -24.52030	     9.36000
    41.83970	   -24.52030	    17.30000
    44.93980	   -24.52030	    17.30000
    48.04000	   -24.52030	    17.30000
    51.14020	   -24.52030	    17.30000
    54.24030	   -24.52030	    17.30000
    57.34050	   -24.52030	    17.30000
    60.44060	   -24.52030	    17.30000
    63.54080	   -24.52030	    17.30000
    66.64100	   -24.52030	    17.30000
    69.74110	   -24.52030	    17.30000
    72.84130	   -24.52030	    17.30000
    75.94150	   -24.52030	    17.30000
   -20.16350	   -21.49960	    17.30000
   -17.06340	   -21.49960	    17.30000
   -13.96320	   -21.49960	    17.30000
   -10.86310	   -21.49960	    17.30000
    -7.76290	   -21.49960	    17.30000
    -4.66273	   -21.49960	    17.30000
    -1.56257	   -21.49960	    16.60000
     1.53759	   -21.49960	    10.10000
     4.63775	   -21.49960	     7.92000
     7.73791	   -21.49960	     5.76000
    10.83810	   -21.49960	     8.64000
    13.93820	   -21.49960	    16.60000
    17.03840	   -21.49960	    17.30000
    20.13860	   -21.49960	    14.40000
    23.23870	   -21.49960	     9.36000
    26.33890	   -21.49960	    13.70000
    29.43900	   -21.49960	    17.30000
    32.53920	   -21.49960	    17.30000
    35.63940	   -21.49960	    13.70000
    38.73950	   -21.49960	     8.64000
    41.83970	   -21.49960	    17.30000
    44.93980	   -21.49960	    17.30000
    48.04000	   -21.49960	    17.30000
    51.14020	   -21.49960	    17.30000
    54.24030	   -21.49960	    17.30000
    57.34050	   -21.49960	    17.30000
    60.44060	   -21.49960	    17.30000
    63.54080	   -21.49960	    17.30000
    66.64100	   -21.49960	    17.30000
    69.74110	   -21.49960	    17.30000
    72.84130	   -21.49960	    17.30000
    75.94150	   -21.49960	    17.30000
   -20.16350	   -18.47890	    17.30000
   -17.06340	   -18.47890	    17.30000
   -13.96320	   -18.47890	    17.30000
   -10.86310	   -18.47890	    17.30000
    -7.76290	   -18.47890	    17.30000
    -4.66273	   -18.47890	     9.36000
    -1.56257	   -18.47890	     5.76000
     1.53759	   -18.47890	     4.32000
     4.63775	   -18.47890	     5.04000
     7.73791	   -18.47890	     7.20000
    10.83810	   -18.47890	    10.80000
    13.93820	   -18.47890	    17.30000
    17.03840	   -18.47890	    17.30000
    20.13860	   -18.47890	    17.30000
    23.23870	   -18.47890	    17.30000
    26.33890	   -18.47890	    17.30000
    29.43900	   -18.47890	    17.30000
    32.53920	   -18.47890	    17.30000
    35.63940	   -18.47890	    17.30000
    38.73950	   -18.47890	    13.70000
    41.83970	   -18.47890	    16.60000
    44.93980	   -18.47890	    17.30000
    48.04000	   -18.47890	    17.30000
    51.14020	   -18.47890	    17.30000
    54.24030	   -18.47890	    17.30000
    57.34050	   -18.47890	    17.30000
    60.44060	   -18.47890	    17.30000
    63.54080	   -18.47890	    17.30000
    66.64100	   -18.47890	    17.30000
    69.74110	   -18.47890	    17.30000
    72.84130	   -18.47890	    17.30000
    75.94150	   -18.47890	    17.30000
   -20.16350	   -15.45820	    17.30000
   -17.06340	   -15.45820	    17.30000
   -13.96320	   -15.45820	    17.30000
   -10.86310	   -15.45820	    17.30000
    -7.76290	   -15.45820	     9.36000
    -4.66273	   -15.45820	     6.48000
    -1.56257	   -15.45820	     3.60000
     1.53759	   -15.45820	     2.16000
     4.63775	   -15.45820	     5.04000
     7.73791	   -15.45820	     7.20000
    10.83810	   -15.45820	    13.70000
    13.93820	   -15.45820	    17.30000
    17.03840	   -15.45820	    17.30000
    20.13860	   -15.45820	    17.30000
    23.23870	   -15.45820	    17.30000
    26.33890	   -15.45820	    17.30000
    29.43900	   -15.45820	    17.30000
    32.53920	   -15.45820	    17.30000
    35.63940	   -15.45820	    10.80000
    38.73950	   -15.45820	    11.50000
    41.83970	   -15.45820	    17.30000
    44.93980	   -15.45820	    17.30000
    48.04000	   -15.45820	    17.30000
    51.14020	   -15.45820	    17.30000
    54.24030	   -15.45820	    17.30000
    57.34050	   -15.45820	    17.30000
    60.44060	   -15.45820	    17.30000
    63.54080	   -15.45820	    17.30000
    66.64100	   -15.45820	    17.30000
    69.74110	   -15.45820	    17.30000
    72.84130	   -15.45820	    17.30000
    75.94150	   -15.45820	    17.30000
   -20.16350	   -12.43750	    17.30000
   -17.06340	   -12.43750	    17.30000
   -13.96320	   -12.43750	    17.30000
   -10.86310	   -12.43750	    10.80000
    -7.76290	   -12.43750	     5.04000
    -4.66273	   -12.43750	     3.60000
    -1.56257	   -12.43750	     2.88000
     1.53759	   -12.43750	     3.60000
     4.63775	   -12.43750	     6.48000
     7.73791	   -12.43750	    14.40000
    10.83810	   -12.43750	    17.30000
    13.93820	   -12.43750	    17.30000
    17.03840	   -12.43750	    17.30000
    20.13860	   -12.43750	    17.30000
    23.23870	   -12.43750	    17.30000
    26.33890	   -12.43750	    17.30000
    29.43900	   -12.43750	    17.30000
    32.53920	   -12.43750	    11.50000
    35.63940	   -12.43750	     8.64000
    38.73950	   -12.43750	    11.50000
    41.83970	   -12.43750	    17.30000
    44.93980	   -12.43750	    17.30000
    48.04000	   -12.43750	    17.30000
    51.14020	   -12.43750	    17.30000
    54.24030	   -12.43750	    17.30000
    57.34050	   -12.43750	    17.30000
    60.44060	   -12.43750	    17.30000
    63.54080	   -12.43750	    17.30000
    66.64100	   -12.43750	    17.30000
    69.74110	   -12.43750	    17.30000
    72.84130	   -12.43750	    17.30000
    75.94150	   -12.43750	    17.30000
   -20.16350	    -9.41682	    17.30000
   -17.06340	    -9.41682	    17.30000
   -13.96320	    -9.41682	    17.30000
   -10.86310	    -9.41682	     9.36000
    -7.76290	    -9.41682	     5.04000
    -4.66273	    -9.41682	     2.88000
    -1.56257	    -9.41682	     5.76000
     1.53759	    -9.41682	     6.48000
     4.63775	    -9.41682	    13.70000
     7.73791	    -9.41682	    17.30000
    10.83810	    -9.41682	    17.30000
    13.93820	    -9.41682	    17.30000
    17.03840	    -9.41682	    17.30000
    20.13860	    -9.41682	    17.30000
    23.23870	    -9.41682	    17.30000
    26.33890	    -9.41682	    17.30000
    29.43900	    -9.41682	    17.30000
    32.53920	    -9.41682	    17.30000
    35.63940	    -9.41682	    10.80000
    38.73950	    -9.41682	    10.80000
    41.83970	    -9.41682	    17.30000
    44.93980	    -9.41682	    17.30000
    48.04000	    -9.41682	    17.30000
    51.14020	    -9.41682	    17.30000
    54.24030	    -9.41682	    17.30000
    57.34050	    -9.41682	    17.30000
    60.44060	    -9.41682	    17.30000
    63.54080	    -9.41682	    17.30000
    66.64100	    -9.41682	    17.30000
    69.74110	    -9.41682	    17.30000
    72.84130	    -9.41682	    17.30000
    75.94150	    -9.41682	    17.30000
   -20.16350	    -6.39612	    17.30000
   -17.06340	    -6.39612	    17.30000
   -13.96320	    -6.39612	    17.30000
   -10.86310	    -6.39612	     6.48000
    -7.76290	    -6.39612	     2.88000
    -4.66273	    -6.39612	     0.72000
    -1.56257	    -6.39612	     4.32000
     1.53759	    -6.39612	     7.92000
     4.63775	    -6.39612	    17.30000
     7.73791	    -6.39612	    17.30000
    10.83810	    -6.39612	    17.30000
    13.93820	    -6.39612	    17.30000
    17.03840	    -6.39612	    17.30000
    20.13860	    -6.39612	    17.30000
    23.23870	    -6.39612	    17.30000
    26.33890	    -6.39612	    17.30000
    29.43900	    -6.39612	    17.30000
    32.53920	    -6.39612	    17.30000
    35.63940	    -6.39612	    14.40000
    38.73950	    -6.39612	    16.60000
    41.83970	    -6.39612	    17.30000
    44.93980	    -6.39612	    17.30000
    48.04000	    -6.39612	    17.30000
    51.14020	    -6.39612	    17.30000
    54.24030	    -6.39612	    17.30000
    57.34050	    -6.39612	    17.30000
    60.44060	    -6.39612	    17.30000
    63.54080	    -6.39612	    17.30000
    66.64100	    -6.39612	    17.30000
    69.74110	    -6.39612	    17.30000
    72.84130	    -6.39612	    17.30000
    75.94150	    -6.39612	    17.30000
   -20.16350	    -3.37543	    17.30000
   -17.06340	    -3.37543	    17.30000
   -13.96320	    -3.37543	    13.70000
   -10.86310	    -3.37543	     4.32000
    -7.76290	    -3.37543	     2.16000
    -4.66273	    -3.37543	     3.60000
    -1.56257	    -3.37543	    12.20000
     1.53759	    -3.37543	    17.30000
     4.63775	    -3.37543	    17.30000
     7.73791	    -3.37543	    17.30000
    10.83810	    -3.37543	    17.30000
    13.93820	    -3.37543	    17.30000
    17.03840	    -3.37543	    17.30000
    20.13860	    -3.37543	    17.30000
    23.23870	    -3.37543	    17.30000
    26.33890	    -3.37543	    17.30000
    29.43900	    -3.37543	    17.30000
    32.53920	    -3.37543	    17.30000
    35.63940	    -3.37543	    10.80000
    38.73950	    -3.37543	    14.40000
    41.83970	    -3.37543	    17.30000
    44.93980	    -3.37543	    17.30000
    48.04000	    -3.37543	    17.30000
    51.14020	    -3.37543	    17.30000
    54.24030	    -3.37543	    17.30000
    57.34050	    -3.37543	    17.30000
    60.44060	    -3.37543	    17.30000
    63.54080	    -3.37543	    17.30000
    66.64100	    -3.37543	    17.30000
    69.74110	    -3.37543	    17.30000
    72.84130	    -3.37543	    17.30000
    75.94150	    -3.37543	    17.30000
   -20.16350	    -0.35474	    17.30000
   -17.06340	    -0.35474	    17.30000
   -13.96320	    -0.35474	     7.92000
   -10.86310	    -0.35474	     2.88000
    -7.76290	    -0.35474	     2.88000
    -4.66273	    -0.35474	     8.64000
    -1.56257	    -0.35474	    17.30000
     1.53759	    -0.35474	    17.30000
     4.63775	    -0.35474	    17.30000
     7.73791	    -0.35474	    17.30000
    10.83810	    -0.35474	    17.30000
    13.93820	    -0.35474	    17.30000
    17.03840	    -0.35474	    17.30000
    20.13860	    -0.35474	    17.30000
    23.23870	    -0.35474	    17.30000
    26.33890	    -0.35474	    17.30000
    29.43900	    -0.35474	    17.30000
    32.53920	    -0.35474	    10.80000
    35.63940	    -0.35474	    13.00000
    38.73950	    -0.35474	    16.60000
    41.83970	    -0.35474	    17.30000
    44.93980	    -0.35474	    17.30000
    48.04000	    -0.35474	    17.30000
    51.14020	    -0.35474	    17.30000
    54.24030	    -0.35474	    17.30000
    57.34050	    -0.35474	    17.30000
    60.44060	    -0.35474	    17.30000
    63.54080	    -0.35474	    17.30000
    66.64100	    -0.35474	    17.30000
    69.74110	    -0.35474	    17.30000
    72.84130	    -0.35474	    17.30000
    75.94150	    -0.35474	    17.30000
   -20.16350	     2.66596	    17.30000
   -17.06340	     2.66596	    12.20000
   -13.96320	     2.66596	     0.72000
   -10.86310	     2.66596	     0.72000
    -7.76290	     2.66596	     5.76000
    -4.66273	     2.66596	     8.64000
    -1.56257	     2.66596	    17.30000
     1.53759	     2.66596	    17.30000
     4.63775	     2.66596	    17.30000
     7.73791	     2.66596	    17.30000
    10.83810	     2.66596	    17.30000
    13.93820	     2.66596	    17.30000
    17.03840	     2.66596	    17.30000
    20.13860	     2.66596	    17.30000
    23.23870	     2.66596	    17.30000
    26.33890	     2.66596	    17.30000
    29.43900	     2.66596	    17.30000
    32.53920	     2.66596	    10.10000
    35.63940	     2.66596	    10.10000
    38.73950	     2.66596	    11.50000
    41.83970	     2.66596	    17.30000
    44.93980	     2.66596	    13.00000
    48.04000	     2.66596	    10.10000
    51.14020	     2.66596	    10.80000
    54.24030	     2.66596	    13.70000
    57.34050	     2.66596	    17.30000
    60.44060	     2.66596	    17.30000
    63.54080	     2.66596	    17.30000
    66.64100	     2.66596	    17.30000
    69.74110	     2.66596	    17.30000
    72.84130	     2.66596	    17.30000
    75.94150	     2.66596	    17.30000
   -20.16350	     5.68665	    17.30000
   -17.06340	     5.68665	     5.04000
   -13.96320	     5.68665	     0.00000
   -10.86310	     5.68665	     0.72000
    -7.76290	     5.68665	     6.48000
    -4.66273	     5.68665	    14.40000
    -1.56257	     5.68665	    17.30000
     1.53759	     5.68665	    17.30000
     4.63775	     5.68665	    17.30000
     7.73791	     5.68665	    17.30000
    10.83810	     5.68665	    17.30000
    13.93820	     5.68665	    17.30000
    17.03840	     5.68665	    17.30000
    20.13860	     5.68665	    17.30000
    23.23870	     5.68665	    17.30000
    26.33890	     5.68665	    17.30000
    29.43900	     5.68665	    17.30000
    32.53920	     5.68665	    12.20000
    35.63940	     5.68665	    10.10000
    38.73950	     5.68665	    10.10000
    41.83970	     5.68665	    10.80000
    44.93980	     5.68665	    10.10000
    48.04000	     5.68665	     9.36000
    51.14020	     5.68665	     7.92000
    54.24030	     5.68665	     9.36000
    57.34050	     5.68665	    17.30000
    60.44060	     5.68665	    17.30000
    63.54080	     5.68665	    17.30000
    66.64100	     5.68665	    17.30000
    69.74110	     5.68665	    17.30000
    72.84130	     5.68665	    17.30000
    75.94150	     5.68665	    17.30000
   -20.16350	     8.70735	    13.00000
   -17.06340	     8.70735	     2.88000
   -13.96320	     8.70735	     0.00000
   -10.86310	     8.70735	     2.88000
    -7.76290	     8.70735	     9.36000
    -4.66273	     8.70735	    17.30000
    -1.56257	     8.70735	    17.30000
     1.53759	     8.70735	    17.30000
     4.63775	     8.70735	    17.30000
     7.73791	     8.70735	    17.30000
    10.83810	     8.70735	    17.30000
    13.93820	     8.70735	    17.30000
    17.03840	     8.70735	    17.30000
    20.13860	     8.70735	    17.30000
    23.23870	     8.70735	    17.30000
    26.33890	     8.70735	    17.30000
    29.43900	     8.70735	    17.30000
    32.53920	     8.70735	    17.30000
    35.63940	     8.70735	    17.30000
    38.73950	     8.70735	    17.30000
    41.83970	     8.70735	    16.60000
    44.93980	     8.70735	    10.80000
    48.04000	     8.70735	     7.20000
    51.14020	     8.70735	     6.48000
    54.24030	     8.70735	    10.10000
    57.34050	     8.70735	    17.30000
    60.44060	     8.70735	    17.30000
    63.54080	     8.70735	    17.30000
    66.64100	     8.70735	    17.30000
    69.74110	     8.70735	    17.30000
    72.84130	     8.70735	    17.30000
    75.94150	     8.70735	    17.30000
   -20.16350	    11.72800	     7.92000
   -17.06340	    11.72800	     2.88000
   -13.96320	    11.72800	     2.16000
   -10.86310	    11.72800	    10.10000
    -7.76290	    11.72800	    16.60000
    -4.66273	    11.72800	    17.30000
    -1.56257	    11.72800	    17.30000
     1.53759	    11.72800	    17.30000
     4.63775	    11.72800	    17.30000
     7.73791	    11.72800	    17.30000
    10.83810	    11.72800	    17.30000
    13.93820	    11.72800	    17.30000
    17.03840	    11.72800	    17.30000
    20.13860	    11.72800	    17.30000
    23.23870	    11.72800	    17.30000
    26.33890	    11.72800	    17.30000
    29.43900	    11.72800	    17.30000
    32.53920	    11.72800	    17.30000
    35.63940	    11.72800	    17.30000
    38.73950	    11.72800	    17.30000
    41.83970	    11.72800	    17.30000
    44.93980	    11.72800	    10.10000
    48.04000	    11.72800	     7.92000
    51.14020	    11.72800	     8.64000
    54.24030	    11.72800	    17.30000
    57.34050	    11.72800	    17.30000
    60.44060	    11.72800	    17.30000
    63.54080	    11.72800	    17.30000
    66.64100	    11.72800	    17.30000
    69.74110	    11.72800	    17.30000
    72.84130	    11.72800	    17.30000
    75.94150	    11.72800	    17.30000
   -20.16350	    14.74870	     8.64000
   -17.06340	    14.74870	     7.20000
   -13.96320	    14.74870	     7.20000
   -10.86310	    14.74870	    17.30000
    -7.76290	    14.74870	    17.30000
    -4.66273	    14.74870	    17.30000
    -1.56257	    14.74870	    17.30000
     1.53759	    14.74870	    17.30000
     4.63775	    14.74870	    17.30000
     7.73791	    14.74870	    17.30000
    10.83810	    14.74870	    17.30000
    13.93820	    14.74870	    17.30000
    17.03840	    14.74870	    17.30000
    20.13860	    14.74870	    17.30000
    23.23870	    14.74870	    17.30000
    26.33890	    14.74870	    17.30000
    29.43900	    14.74870	    17.30000
    32.53920	    14.74870	    17.30000
    35.63940	    14.74870	    17.30000
    38.73950	    14.74870	    17.30000
    41.83970	    14.74870	    17.30000
    44.93980	    14.74870	    10.10000
    48.04000	    14.74870	    12.20000
    51.14020	    14.74870	    16.60000
    54.24030	    14.74870	    17.30000
    57.34050	    14.74870	    17.30000
    60.44060	    14.74870	    17.30000
    63.54080	    14.74870	    17.30000
    66.64100	    14.74870	    17.30000
    69.74110	    14.74870	    17.30000
    72.84130	    14.74870	    17.30000
    75.94150	    14.74870	    17.30000
   -20.16350	    17.76940	    17.30000
   -17.06340	    17.76940	    16.60000
   -13.96320	    17.76940	    17.30000
   -10.86310	    17.76940	    17.30000
    -7.76290	    17.76940	    17.30000
    -4.66273	    17.76940	    17.30000
    -1.56257	    17.76940	    17.30000
     1.53759	    17.76940	    17.30000
     4.63775	    17.76940	    17.30000
     7.73791	    17.76940	    17.30000
    10.83810	    17.76940	    17.30000
    13.93820	    17.76940	    17.30000
    17.03840	    17.76940	    17.30000
    20.13860	    17.76940	    17.30000
    23.23870	    17.76940	    17.30000
    26.33890	    17.76940	    17.30000
    29.43900	    17.76940	    17.30000
    32.53920	    17.76940	    17.30000
    35.63940	    17.76940	    17.30000
    38.73950	    17.76940	    17.30000
    41.83970	    17.76940	    13.70000
    44.93980	    17.76940	    11.50000
    48.04000	    17.76940	    17.30000
    51.14020	    17.76940	    17.30000
    54.24030	    17.76940	    17.30000
    57.34050	    17.76940	    17.30000
    60.44060	    17.76940	    17.30000
    63.54080	    17.76940	    17.30000
    66.64100	    17.76940	    17.30000
    69.74110	    17.76940	    17.30000
    72.84130	    17.76940	    17.30000
    75.94150	    17.76940	    17.30000
   -20.16350	    20.79010	    17.30000
   -17.06340	    20.79010	    17.30000
   -13.96320	    20.79010	    17.30000
   -10.86310	    20.79010	    17.30000
    -7.76290	    20.79010	    17.30000
    -4.66273	    20.79010	    17.30000
    -1.56257	    20.79010	    17.30000
     1.53759	    20.79010	    17.30000
     4.63775	    20.79010	    17.30000
     7.73791	    20.79010	    17.30000
    10.83810	    20.79010	    17.30000
    13.93820	    20.79010	    17.30000
    17.03840	    20.79010	    17.30000
    20.13860	    20.79010	    17.30000
    23.23870	    20.79010	    17.30000
    26.33890	    20.79010	    17.30000
    29.43900	    20.79010	    17.30000
    32.53920	    20.79010	    17.30000
    35.63940	    20.79010	    17.30000
    38.73950	    20.79010	    17.30000
    41.83970	    20.79010	    13.70000
    44.93980	    20.79010	    10.10000
    48.04000	    20.79010	    14.40000
    51.14020	    20.79010	    17.30000
    54.24030	    20.79010	    17.30000
    57.34050	    20.79010	    17.30000
    60.44060	    20.79010	    17.30000
    63.54080	    20.79010	    17.30000
    66.64100	    20.79010	    17.30000
    69.74110	    20.79010	    17.30000
    72.84130	    20.79010	    17.30000
    75.94150	    20.79010	    17.30000
   -20.16350	    23.81080	    17.30000
   -17.06340	    23.81080	    17.30000
   -13.96320	    23.81080	    17.30000
   -10.86310	    23.81080	    17.30000
    -7.76290	    23.81080	    17.30000
    -4.66273	    23.81080	    17.30000
    -1.56257	    23.81080	    17.30000
     1.53759	    23.81080	    17.30000
     4.63775	    23.81080	    17.30000
     7.73791	    23.81080	    17.30000
    10.83810	    23.81080	    17.30000
    13.93820	    23.81080	    17.30000
    17.03840	    23.81080	    17.30000
    20.13860	    23.81080	    17.30000
    23.23870	    23.81080	    17.30000
    26.33890	    23.81080	    17.30000
    29.43900	    23.81080	    17.30000
    32.53920	    23.81080	    17.30000
    35.63940	    23.81080	    17.30000
    38.73950	    23.81080	    17.30000
    41.83970	    23.81080	    17.30000
    44.93980	    23.81080	    13.70000
    48.04000	    23.81080	    17.30000
    51.14020	    23.81080	    17.30000
    54.24030	    23.81080	    17.30000
    57.34050	    23.81080	    17.30000
    60.44060	    23.81080	    17.30000
    63.54080	    23.81080	    17.30000
    66.64100	    23.81080	    17.30000
    69.74110	    23.81080	    17.30000
    72.84130	    23.81080	    17.30000
    75.94150	    23.81080	    17.30000
   -20.16350	    26.83150	    17.30000
   -17.06340	    26.83150	    17.30000
   -13.96320	    26.83150	    17.30000
   -10.86310	    26.83150	    17.30000
    -7.76290	    26.83150	    17.30000
    -4.66273	    26.83150	    17.30000
    -1.56257	    26.83150	    17.30000
     1.53759	    26.83150	    17.30000
     4.63775	    26.83150	    17.30000
     7.73791	    26.83150	    17.30000
    10.83810	    26.83150	    17.30000
    13.93820	    26.83150	    17.30000
    17.03840	    26.83150	    17.30000
    20.13860	    26.83150	    17.30000
    23.23870	    26.83150	    17.30000
    26.33890	    26.83150	    17.30000
    29.43900	    26.83150	    17.30000
    32.53920	    26.83150	    17.30000
    35.63940	    26.83150	    17.30000
    38.73950	    26.83150	    17.30000
    41.83970	    26.83150	     9.36000
    44.93980	    26.83150	    13.00000
    48.04000	    26.83150	    11.50000
    51.14020	    26.83150	    17.30000
    54.24030	    26.83150	    17.30000
    57.34050	    26.83150	    17.30000
    60.44060	    26.83150	    17.30000
    63.54080	    26.83150	    17.30000
    66.64100	    26.83150	    17.30000
    69.74110	    26.83150	    17.30000
    72.84130	    26.83150	    17.30000
    75.94150	    26.83150	    17.30000
   -20.16350	    29.85220	    17.30000
   -17.06340	    29.85220	    17.30000
   -13.96320	    29.85220	    17.30000
   -10.86310	    29.85220	    17.30000
    -7.76290	    29.85220	    17.30000
    -4.66273	    29.85220	    17.30000
    -1.56257	    29.85220	    17.30000
     1.53759	    29.85220	    17.30000
     4.63775	    29.85220	    17.30000
     7.73791	    29.85220	    17.30000
    10.83810	    29.85220	    17.30000
    13.93820	    29.85220	    17.30000
    17.03840	    29.85220	    17.30000
    20.13860	    29.85220	    17.30000
    23.23870	    29.85220	    17.30000
    26.33890	    29.85220	    17.30000
    29.43900	    29.85220	    17.30000
    32.53920	    29.85220	    17.30000
    35.63940	    29.85220	    17.30000
    38.73950	    29.85220	    17.30000
    41.83970	    29.85220	    12.20000
    44.93980	    29.85220	    16.60000
    48.04000	    29.85220	    13.00000
    51.14020	    29.85220	    10.80000
    54.24030	    29.85220	     9.36000
    57.34050	    29.85220	    11.50000
    60.44060	    29.85220	    17.30000
    63.54080	    29.85220	    17.30000
    66.64100	    29.85220	    17.30000
    69.74110	    29.85220	    17.30000
    72.84130	    29.85220	    17.30000
    75.94150	    29.85220	    17.30000
   -20.16350	    32.87290	    17.30000
   -17.06340	    32.87290	    17.30000
   -13.96320	    32.87290	    17.30000
   -10.86310	    32.87290	    17.30000
    -7.76290	    32.87290	    17.30000
    -4.66273	    32.87290	    17.30000
    -1.56257	    32.87290	    17.30000
     1.53759	    32.87290	    17.30000
     4.63775	    32.87290	    17.30000
     7.73791	    32.87290	    17.30000
    10.83810	    32.87290	    17.30000
    13.93820	    32.87290	    17.30000
    17.03840	    32.87290	    17.30000
    20.13860	    32.87290	    17.30000
    23.23870	    32.87290	    17.30000
    26.33890	    32.87290	    17.30000
    29.43900	    32.87290	    17.30000
    32.53920	    32.87290	    17.30000
    35.63940	    32.87290	    17.30000
    38.73950	    32.87290	    17.30000
    41.83970	    32.87290	    17.30000
    44.93980	    32.87290	    17.30000
    48.04000	    32.87290	    16.60000
    51.14020	    32.87290	    10.80000
    54.24030	    32.87290	    16.60000
    57.34050	    32.87290	    13.00000
    60.44060	    32.87290	    10.10000
    63.54080	    32.87290	    17.30000
    66.64100	    32.87290	    17.30000
    69.74110	    32.87290	    17.30000
    72.84130	    32.87290	    17.30000
    75.94150	    32.87290	    17.30000
   -20.16350	    35.89360	    17.30000
   -17.06340	    35.89360	    17.30000
   -13.96320	    35.89360	    17.30000
   -10.86310	    35.89360	    17.30000
    -7.76290	    35.89360	    17.30000
    -4.66273	    35.89360	    17.30000
    -1.56257	    35.89360	    17.30000
     1.53759	    35.89360	    17.30000
     4.63775	    35.89360	    17.30000
     7.73791	    35.89360	    17.30000
    10.83810	    35.89360	    17.30000
    13.93820	    35.89360	    17.30000
    17.03840	    35.89360	    17.30000
    20.13860	    35.89360	    17.30000
    23.23870	    35.89360	    17.30000
    26.33890	    35.89360	    17.30000
    29.43900	    35.89360	    17.30000
    32.53920	    35.89360	    17.30000
    35.63940	    35.89360	    17.30000
    38.73950	    35.89360	    17.30000
    41.83970	    35.89360	    17.30000
    44.93980	    35.89360	    17.30000
    48.04000	    35.89360	    17.30000
    51.14020	    35.89360	    14.40000
    54.24030	    35.89360	    17.30000
    57.34050	    35.89360	    17.30000
    60.44060	    35.89360	    13.70000
    63.54080	    35.89360	    13.70000
    66.64100	    35.89360	    17.30000
    69.74110	    35.89360	    17.30000
    72.84130	    35.89360	    17.30000
    75.94150	    35.89360	    17.30000
   -20.16350	    38.91430	    17.30000
   -17.06340	    38.91430	    17.30000
   -13.96320	    38.91430	    17.30000
   -10.86310	    38.91430	    17.30000
    -7.76290	    38.91430	    17.30000
    -4.66273	    38.91430	    17.30000
    -1.56257	    38.91430	    17.30000
     1.53759	    38.91430	    17.30000
     4.63775	    38.91430	    17.30000
     7.73791	    38.91430	    17.30000
    10.83810	    38.91430	    17.30000
    13.93820	    38.91430	    17.30000
    17.03840	    38.91430	    17.30000
    20.13860	    38.91430	    17.30000
    23.23870	    38.91430	    17.30000
    26.33890	    38.91430	    17.30000
    29.43900	    38.91430	    17.30000
    32.53920	    38.91430	    17.30000
    35.63940	    38.91430	    17.30000
    38.73950	    38.91430	    17.30000
    41.83970	    38.91430	    17.30000
    44.93980	    38.91430	    17.30000
    48.04000	    38.91430	    17.30000
    51.14020	    38.91430	    17.30000
    54.24030	    38.91430	    17.30000
    57.34050	    38.91430	    17.30000
    60.44060	    38.91430	    16.60000
    63.54080	    38.91430	    10.10000
    66.64100	    38.91430	    13.00000
    69.74110	    38.91430	    17.30000
    72.84130	    38.91430	    17.30000
    75.94150	    38.91430	    17.30000
   -20.16350	    41.93500	    17.30000
   -17.06340	    41.93500	    17.30000
   -13.96320	    41.93500	    17.30000
   -10.86310	    41.93500	    17.30000
    -7.76290	    41.93500	    17.30000
    -4.66273	    41.93500	    17.30000
    -1.56257	    41.93500	    17.30000
     1.53759	    41.93500	    17.30000
     4.63775	    41.93500	    17.30000
     7.73791	    41.93500	    17.30000
    10.83810	    41.93500	    17.30000
    13.93820	    41.93500	    17.30000
    17.03840	    41.93500	    17.30000
    20.13860	    41.93500	    17.30000
    23.23870	    41.93500	    17.30000
    26.33890	    41.93500	    17.30000
    29.43900	    41.93500	    17.30000
    32.53920	    41.93500	    17.30000
    35.63940	    41.93500	    17.30000
    38.73950	    41.93500	    17.30000
    41.83970	    41.93500	    17.30000
    44.93980	    41.93500	    17.30000
    48.04000	    41.93500	    17.30000
    51.14020	    41.93500	    17.30000
    54.24030	    41.93500	    17.30000
    57.34050	    41.93500	    17.30000
    60.44060	    41.93500	    17.30000
    63.54080	    41.93500	     8.64000
    66.64100	    41.93500	     7.92000
    69.74110	    41.93500	    14.40000
    72.84130	    41.93500	    17.30000
    75.94150	    41.93500	    17.30000
   -20.16350	    44.95570	    17.30000
   -17.06340	    44.95570	    17.30000
   -13.96320	    44.95570	    17.30000
   -10.86310	    44.95570	    17.30000
    -7.76290	    44.95570	    17.30000
    -4.66273	    44.95570	    17.30000
    -1.56257	    44.95570	    17.30000
     1.53759	    44.95570	    17.30000
     4.63775	    44.95570	    17.30000
     7.73791	    44.95570	    17.30000
    10.83810	    44.95570	    17.30000
    13.93820	    44.95570	    17.30000
    17.03840	    44.95570	    17.30000
    20.13860	    44.95570	    17.30000
    23.23870	    44.95570	    17.30000
    26.33890	    44.95570	    17.30000
    29.43900	    44.95570	    17.30000
    32.53920	    44.95570	    17.30000
    35.63940	    44.95570	    17.30000
    38.73950	    44.95570	    17.30000
    41.83970	    44.95570	    17.30000
    44.93980	    44.95570	    17.30000
    48.04000	    44.95570	    17.30000
    51.14020	    44.95570	    17.30000
    54.24030	    44.95570	    17.30000
    57.34050	    44.95570	    17.30000
    60.44060	    44.95570	    17.30000
    63.54080	    44.95570	    17.30000
    66.64100	    44.95570	    10.10000
    69.74110	    44.95570	    14.40000
    72.84130	    44.95570	    16.60000
    75.94150	    44.95570	    14.40000
   -20.16350	    47.97640	    17.30000
   -17.06340	    47.97640	    17.30000
   -13.96320	    47.97640	    17.30000
   -10.86310	    47.97640	    17.30000
    -7.76290	    47.97640	    17.30000
    -4.66273	    47.97640	    17.30000
    -1.56257	    47.97640	    17.30000
     1.53759	    47.97640	    17.30000
     4.63775	    47.97640	    17.30000
     7.73791	    47.97640	    17.30000
    10.83810	    47.97640	    17.30000
    13.93820	    47.97640	    17.30000
    17.03840	    47.97640	    17.30000
    20.13860	    47.97640	    17.30000
    23.23870	    47.97640	    17.30000
    26.33890	    47.97640	    17.30000
    29.43900	    47.97640	    17.30000
    32.53920	    47.97640	    17.30000
    35.63940	    47.97640	    17.30000
    38.73950	    47.97640	    17.30000
    41.83970	    47.97640	    17.30000
    44.93980	    47.97640	    17.30000
    48.04000	    47.97640	    17.30000
    51.14020	    47.97640	    17.30000
    54.24030	    47.97640	    17.30000
    57.34050	    47.97640	    17.30000
    60.44060	    47.97640	    17.30000
    63.54080	    47.97640	    17.30000
    66.64100	    47.97640	    11.50000
    69.74110	    47.97640	    10.10000
    72.84130	    47.97640	    10.80000
    75.94150	    47.97640	    10.80000
   -20.16350	    50.99710	    17.30000
   -17.06340	    50.99710	    17.30000
   -13.96320	    50.99710	    17.30000
   -10.86310	    50.99710	    17.30000
    -7.76290	    50.99710	    17.30000
    -4.66273	    50.99710	    17.30000
    -1.56257	    50.99710	    17.30000
     1.53759	    50.99710	    17.30000
     4.63775	    50.99710	    17.30000
     7.73791	    50.99710	    17.30000
    10.83810	    50.99710	    17.30000
    13.93820	    50.99710	    17.30000
    17.03840	    50.99710	    17.30000
    20.13860	    50.99710	    17.30000
    23.23870	    50.99710	    17.30000
    26.33890	    50.99710	    17.30000
    29.43900	    50.99710	    17.30000
    32.53920	    50.99710	    17.30000
    35.63940	    50.99710	    17.30000
    38.73950	    50.99710	    17.30000
    41.83970	    50.99710	    17.30000
    44.93980	    50.99710	    17.30000
    48.04000	    50.99710	    17.30000
    51.14020	    50.99710	    17.30000
    54.24030	    50.99710	    17.30000
    57.34050	    50.99710	    17.30000
    60.44060	    50.99710	    17.30000
    63.54080	    50.99710	    17.30000
    66.64100	    50.99710	    11.50000
    69.74110	    50.99710	     7.92000
    72.84130	    50.99710	    11.50000
    75.94150	    50.99710	    17.30000
   -20.16350	    54.01780	    17.30000
   -17.06340	    54.01780	    17.30000
   -13.96320	    54.01780	    17.30000
   -10.86310	    54.01780	    17.30000
    -7.76290	    54.01780	    17.30000
    -4.66273	    54.01780	    17.30000
    -1.56257	    54.01780	    17.30000
     1.53759	    54.01780	    17.30000
     4.63775	    54.01780	    17.30000
     7.73791	    54.01780	    17.30000
    10.83810	    54.01780	    17.30000
    13.93820	    54.01780	    17.30000
    17.03840	    54.01780	    17.30000
    20.13860	    54.01780	    17.30000
    23.23870	    54.01780	    17.30000
    26.33890	    54.01780	    17.30000
    29.43900	    54.01780	    17.30000
    32.53920	    54.01780	    17.30000
    35.63940	    54.01780	    17.30000
    38.73950	    54.01780	    17.30000
    41.83970	    54.01780	    17.30000
    44.93980	    54.01780	    17.30000
    48.04000	    54.01780	    17.30000
    51.14020	    54.01780	    17.30000
    54.24030	    54.01780	    17.30000
    57.34050	    54.01780	    17.30000
    60.44060	    54.01780	    17.30000
    63.54080	    54.01780	    16.60000
    66.64100	    54.01780	    10.10000
    69.74110	    54.01780	    11.50000
    72.84130	    54.01780	    17.30000
    75.94150	    54.01780	    17.30000
   -20.16350	    57.03840	    17.30000
   -17.06340	    57.03840	    17.30000
   -13.96320	    57.03840	    17.30000
   -10.86310	    57.03840	    17.30000
    -7.76290	    57.03840	    17.30000
    -4.66273	    57.03840	    17.30000
    -1.56257	    57.03840	    17.30000
     1.53759	    57.03840	    17.30000
     4.63775	    57.03840	    17.30000
     7.73791	    57.03840	    17.30000
    10.83810	    57.03840	    17.30000
    13.93820	    57.03840	    17.30000
    17.03840	    57.03840	    17.30000
    20.13860	    57.03840	    17.30000
    23.23870	    57.03840	    17.30000
    26.33890	    57.03840	    17.30000
    29.43900	    57.03840	    17.30000
    32.53920	    57.03840	    17.30000
    35.63940	    57.03840	    17.30000
    38.73950	    57.03840	    17.30000
    41.83970	    57.03840	    17.30000
    44.93980	    57.03840	    17.30000
    48.04000	    57.03840	    17.30000
    51.14020	    57.03840	    17.30000
    54.24030	    57.03840	    17.30000
    57.34050	    57.03840	    17.30000
    60.44060	    57.03840	    17.30000
    63.54080	    57.03840	    17.30000
    66.64100	    57.03840	    13.00000
    69.74110	    57.03840	    17.30000
    72.84130	    57.03840	    17.30000
    75.94150	    57.03840	    17.30000
